73,57,0.154
58,57,0.703
0,57,0.517
116,57,0.161
38,57,0.449
20,57,0.33
24,57,0.23
69,57,0.46
114,57,0.244
54,57,0.426
85,57,0.512
66,57,0.822
115,57,0.162
42,57,0.695
9,57,0.838
83,57,0.343
113,57,0.562
3,57,0.307
88,57,0.287
56,57,0.33
102,57,0.355
110,57,0.4
12,57,0.69
96,57,0.195
62,57,0.71
26,57,0.394
120,57,0.15
8,57,0.862
28,57,0.723
21,57,0.345
2,57,0.446
41,57,0.257
55,57,0.209
25,57,0.698
93,57,0.704
50,57,0.566
95,57,0.529
59,57,0.874
107,57,0.945
33,57,0.945
29,57,0.624
103,57,0.398
105,57,0.175
23,57,0.879
71,57,0.155
70,57,0.519
117,57,0.292
94,57,0.432
19,57,0.636
101,57,0.22
6,57,0.235
106,57,0.416
65,57,0.194
4,57,0.34
39,57,0.188
52,57,0.54
1,57,0.645
45,57,0.272
104,57,0.393
84,57,0.209
36,57,0.236
27,57,0.236
13,57,0.209
118,57,0.31
51,57,0.292
108,57,0.577
18,57,0.156
89,57,0.394
61,57,0.728
60,57,0.958
11,57,0.431
17,57,0.473
16,57,0.849
73,83,0.3
58,83,0.281
119,83,0.449
99,83,0.355
97,83,0.358
78,83,0.2
0,83,0.598
98,83,0.314
87,83,0.296
116,83,0.769
38,83,0.501
20,83,0.271
24,83,0.532
92,83,0.31
69,83,0.339
114,83,0.152
54,83,0.513
85,83,0.461
66,83,0.154
44,83,0.232
115,83,0.557
123,83,0.152
9,83,0.298
57,83,0.343
113,83,0.964
3,83,0.218
88,83,0.761
56,83,0.762
122,83,0.275
102,83,0.194
110,83,0.276
12,83,0.505
96,83,0.521
62,83,0.354
120,83,0.228
8,83,0.17
28,83,0.34
21,83,0.714
2,83,0.3
41,83,0.439
80,83,0.286
55,83,0.838
25,83,0.664
93,83,0.384
50,83,0.967
95,83,0.574
59,83,0.23
107,83,0.217
33,83,0.217
29,83,0.773
103,83,0.274
105,83,0.316
121,83,0.319
23,83,0.614
70,83,0.399
117,83,0.319
94,83,0.547
19,83,0.801
101,83,0.955
4,83,0.23
39,83,0.329
52,83,0.218
1,83,0.272
45,83,0.26
76,83,0.164
104,83,0.166
18,83,0.15
89,83,0.303
109,83,0.224
11,83,0.208
91,83,0.175
86,83,0.464
73,98,0.3
58,98,0.218
99,98,0.709
97,98,0.29
78,98,0.214
116,98,0.156
92,98,0.307
69,98,0.262
114,98,0.841
66,98,0.154
115,98,0.793
81,98,0.264
9,98,0.27
83,98,0.314
113,98,0.328
3,98,0.233
88,98,0.194
56,98,0.151
122,98,0.347
102,98,0.295
110,98,0.361
96,98,0.991
62,98,0.178
26,98,0.255
120,98,0.223
8,98,0.308
15,98,0.394
21,98,0.235
2,98,0.327
80,98,0.352
55,98,0.475
25,98,0.491
93,98,0.305
50,98,0.39
59,98,0.211
107,98,0.333
33,98,0.333
29,98,0.259
103,98,0.937
105,98,0.299
121,98,0.403
23,98,0.296
100,98,0.694
70,98,0.429
111,98,0.21
117,98,0.242
94,98,0.262
19,98,0.255
101,98,0.274
6,98,0.295
4,98,0.224
52,98,0.156
104,98,0.26
36,98,0.178
27,98,0.178
18,98,0.152
89,98,0.601
112,98,0.778
30,98,0.421
91,98,0.322
90,98,0.326
73,101,0.172
58,101,0.234
119,101,0.284
99,101,0.551
97,101,0.325
78,101,0.269
0,101,0.3
98,101,0.274
116,101,0.747
38,101,0.334
24,101,0.157
79,101,0.151
92,101,0.237
69,101,0.188
114,101,0.216
54,101,0.299
85,101,0.369
115,101,0.326
123,101,0.257
9,101,0.293
83,101,0.955
57,101,0.22
113,101,0.76
88,101,0.35
56,101,0.512
122,101,0.171
102,101,0.199
110,101,0.28
12,101,0.172
96,101,0.688
26,101,0.291
120,101,0.153
8,101,0.218
28,101,0.208
21,101,0.325
41,101,0.152
80,101,0.238
55,101,0.914
25,101,0.405
93,101,0.925
50,101,0.905
95,101,0.356
59,101,0.213
107,101,0.908
33,101,0.908
29,101,0.973
103,101,0.311
105,101,0.92
121,101,0.316
23,101,0.964
71,101,0.189
100,101,0.175
70,101,0.953
117,101,0.22
94,101,0.962
19,101,0.965
39,101,0.243
52,101,0.494
45,101,0.441
86,101,0.406
34,101,0.218
73,59,0.15
58,59,0.991
119,59,0.291
78,59,0.291
0,59,0.46
98,59,0.211
87,59,0.22
38,59,0.388
20,59,0.207
24,59,0.173
79,59,0.195
69,59,0.973
114,59,0.292
54,59,0.422
85,59,0.269
66,59,0.607
44,59,0.218
115,59,0.408
81,59,0.227
123,59,0.191
42,59,0.984
9,59,0.419
83,59,0.23
57,59,0.874
113,59,0.411
3,59,0.543
88,59,0.212
56,59,0.386
122,59,0.585
102,59,0.41
110,59,0.973
12,59,0.274
96,59,0.435
62,59,0.932
26,59,0.368
120,59,0.17
8,59,0.374
15,59,0.32
28,59,0.445
21,59,0.506
2,59,0.548
41,59,0.207
80,59,0.284
55,59,0.224
25,59,0.585
93,59,0.688
50,59,0.528
95,59,0.646
107,59,0.833
33,59,0.833
29,59,0.364
103,59,0.287
105,59,0.204
23,59,0.357
71,59,0.322
70,59,0.45
117,59,0.16
94,59,0.333
19,59,0.367
101,59,0.213
6,59,0.355
106,59,0.368
65,59,0.208
4,59,0.48
39,59,0.171
52,59,0.827
1,59,0.505
45,59,0.196
76,59,0.154
104,59,0.464
84,59,0.234
36,59,0.298
27,59,0.298
37,59,0.172
13,59,0.188
118,59,0.172
67,59,0.21
51,59,0.151
75,59,0.216
35,59,0.342
14,59,0.313
108,59,0.17
7,59,0.272
18,59,0.294
77,59,0.179
112,59,0.151
61,59,0.595
60,59,0.859
30,59,0.21
53,59,0.292
11,59,0.426
46,59,0.283
63,59,0.688
16,59,0.7
86,59,0.636
68,59,0.553
64,59,0.192
74,59,0.259
40,59,0.274
73,58,0.314
119,58,0.341
78,58,0.273
98,58,0.218
87,58,0.157
38,58,0.461
20,58,0.27
24,58,0.151
79,58,0.151
69,58,0.971
114,58,0.179
85,58,0.241
66,58,0.516
44,58,0.182
115,58,0.357
81,58,0.177
123,58,0.172
42,58,0.98
9,58,0.346
83,58,0.281
57,58,0.703
113,58,0.65
3,58,0.736
88,58,0.183
56,58,0.271
122,58,0.474
102,58,0.731
110,58,0.991
12,58,0.38
96,58,0.258
62,58,0.91
26,58,0.377
120,58,0.216
8,58,0.604
15,58,0.7
28,58,0.544
21,58,0.388
2,58,0.525
41,58,0.155
80,58,0.298
55,58,0.273
25,58,0.514
93,58,0.674
50,58,0.433
95,58,0.526
59,58,0.991
107,58,0.388
33,58,0.388
29,58,0.481
103,58,0.348
105,58,0.258
23,58,0.153
71,58,0.427
100,58,0.272
70,58,0.631
94,58,0.372
19,58,0.312
101,58,0.234
6,58,0.65
106,58,0.386
65,58,0.352
4,58,0.741
39,58,0.156
52,58,0.592
1,58,0.687
45,58,0.274
76,58,0.176
104,58,0.416
84,58,0.492
36,58,0.529
27,58,0.529
37,58,0.493
13,58,0.359
67,58,0.219
75,58,0.33
35,58,0.668
14,58,0.723
7,58,0.655
18,58,0.26
61,58,0.153
60,58,0.3
30,58,0.378
109,58,0.257
53,58,0.153
11,58,0.546
46,58,0.554
63,58,0.741
16,58,0.242
91,58,0.287
72,58,0.298
90,58,0.349
68,58,0.344
64,58,0.155
74,58,0.38
5,58,0.274
40,58,0.234
47,58,0.369
48,58,0.351
73,56,0.157
58,56,0.271
119,56,0.218
78,56,0.329
0,56,0.934
98,56,0.151
87,56,0.921
116,56,0.15
38,56,0.386
24,56,0.458
79,56,0.311
92,56,0.232
69,56,0.394
114,56,0.227
54,56,0.901
85,56,0.229
66,56,0.386
115,56,0.566
9,56,0.214
83,56,0.762
57,56,0.33
113,56,0.432
88,56,0.299
122,56,0.308
102,56,0.156
110,56,0.216
12,56,0.3
96,56,0.375
62,56,0.479
8,56,0.157
28,56,0.506
21,56,0.396
2,56,0.23
80,56,0.388
55,56,0.157
25,56,0.388
93,56,0.287
50,56,0.574
95,56,0.512
59,56,0.386
107,56,0.453
33,56,0.453
29,56,0.568
103,56,0.255
121,56,0.268
23,56,0.538
71,56,0.191
70,56,0.553
117,56,0.412
94,56,0.39
19,56,0.342
101,56,0.512
52,56,0.769
1,56,0.153
118,56,0.182
108,56,0.215
82,56,0.155
22,56,0.529
60,56,0.413
31,56,0.57
30,56,0.154
53,56,0.398
17,56,0.21
86,56,0.176
34,56,0.188
73,89,0.409
99,89,0.174
97,89,0.194
0,89,0.293
98,89,0.601
87,89,0.32
24,89,0.216
114,89,0.981
54,89,0.518
66,89,0.15
115,89,0.842
83,89,0.303
57,89,0.394
122,89,0.273
12,89,0.151
96,89,0.336
62,89,0.171
120,89,0.198
21,89,0.173
2,89,0.272
55,89,0.213
25,89,0.896
50,89,0.21
95,89,0.239
107,89,0.617
33,89,0.617
121,89,0.222
23,89,0.156
111,89,0.466
94,89,0.33
106,89,0.255
52,89,0.566
76,89,0.166
112,89,0.908
73,70,0.447
58,70,0.631
99,70,0.156
97,70,0.211
78,70,0.256
0,70,0.298
98,70,0.429
87,70,0.272
38,70,0.231
20,70,0.42
24,70,0.713
92,70,0.261
69,70,0.274
114,70,0.318
54,70,0.591
85,70,0.864
66,70,0.457
115,70,0.238
123,70,0.188
42,70,0.459
9,70,0.722
83,70,0.399
57,70,0.519
113,70,0.23
3,70,0.969
88,70,0.25
56,70,0.553
122,70,0.498
102,70,0.875
110,70,0.648
12,70,0.417
96,70,0.851
62,70,0.736
26,70,0.999
120,70,0.291
8,70,0.993
15,70,0.963
28,70,0.745
21,70,0.93
2,70,0.797
41,70,0.271
80,70,0.235
55,70,0.151
25,70,0.447
93,70,0.979
50,70,0.379
95,70,0.499
59,70,0.45
107,70,0.943
33,70,0.943
29,70,0.999
103,70,0.973
105,70,0.99
121,70,0.598
23,70,0.996
71,70,0.999
100,70,0.372
117,70,0.965
94,70,0.986
19,70,0.997
101,70,0.953
6,70,0.746
106,70,0.646
65,70,0.652
4,70,0.742
39,70,0.269
52,70,0.535
1,70,0.522
45,70,0.437
76,70,0.918
104,70,0.414
84,70,0.633
36,70,0.836
27,70,0.836
37,70,0.41
13,70,0.26
75,70,0.807
35,70,0.909
14,70,0.87
108,70,0.281
7,70,0.761
22,70,0.328
60,70,0.237
31,70,0.177
30,70,0.924
109,70,0.395
53,70,0.284
11,70,0.854
46,70,0.683
17,70,0.196
91,70,0.909
72,70,0.773
90,70,0.655
64,70,0.156
74,70,0.825
5,70,0.329
34,70,0.461
47,70,0.185
48,70,0.405
73,95,0.48
58,95,0.526
119,95,0.199
97,95,0.269
78,95,0.208
0,95,0.415
87,95,0.152
38,95,0.401
20,95,0.151
24,95,0.355
69,95,0.623
54,95,0.522
85,95,0.371
66,95,0.53
115,95,0.314
123,95,0.151
83,95,0.574
57,95,0.529
113,95,0.31
3,95,0.272
88,95,0.35
56,95,0.512
122,95,0.167
102,95,0.23
110,95,0.36
12,95,0.341
96,95,0.225
62,95,0.451
26,95,0.347
8,95,0.347
15,95,0.615
28,95,0.327
21,95,0.634
2,95,0.273
41,95,0.343
80,95,0.231
25,95,0.597
93,95,0.978
50,95,0.449
59,95,0.646
107,95,0.524
33,95,0.524
29,95,0.684
103,95,0.393
105,95,0.366
23,95,0.685
71,95,0.208
70,95,0.499
117,95,0.284
94,95,0.957
19,95,0.566
101,95,0.356
6,95,0.215
106,95,0.172
4,95,0.727
39,95,0.227
52,95,0.648
1,95,0.274
76,95,0.211
104,95,0.248
36,95,0.157
27,95,0.157
37,95,0.175
14,95,0.15
18,95,0.328
89,95,0.239
61,95,0.207
60,95,0.356
30,95,0.15
109,95,0.195
53,95,0.228
11,95,0.306
46,95,0.174
16,95,0.344
64,95,0.15
74,95,0.155
40,95,0.194
34,95,0.152
73,25,0.837
58,25,0.514
99,25,0.378
97,25,0.347
78,25,0.406
0,25,0.558
98,25,0.491
87,25,0.505
38,25,0.23
20,25,0.271
24,25,0.634
79,25,0.284
92,25,0.156
69,25,0.657
114,25,0.735
54,25,0.729
85,25,0.402
66,25,0.33
44,25,0.21
115,25,0.31
81,25,0.318
123,25,0.388
42,25,0.319
9,25,0.214
83,25,0.664
57,25,0.698
113,25,0.272
3,25,0.351
88,25,0.475
56,25,0.388
122,25,0.173
102,25,0.274
110,25,0.437
12,25,0.341
96,25,0.299
62,25,0.321
26,25,0.236
120,25,0.315
8,25,0.335
15,25,0.171
28,25,0.575
21,25,0.587
2,25,0.566
41,25,0.273
80,25,0.476
55,25,0.409
93,25,0.626
50,25,0.555
95,25,0.597
59,25,0.585
107,25,0.941
33,25,0.941
29,25,0.739
103,25,0.284
105,25,0.212
121,25,0.22
23,25,0.56
71,25,0.151
70,25,0.447
111,25,0.238
117,25,0.35
94,25,0.744
19,25,0.688
101,25,0.405
6,25,0.193
106,25,0.356
4,25,0.422
52,25,0.854
1,25,0.622
45,25,0.387
76,25,0.323
104,25,0.37
84,25,0.325
36,25,0.213
27,25,0.213
37,25,0.151
51,25,0.855
75,25,0.152
35,25,0.175
108,25,0.21
7,25,0.234
18,25,0.36
82,25,0.179
89,25,0.896
77,25,0.209
112,25,0.512
22,25,0.384
61,25,0.597
60,25,0.69
31,25,0.357
30,25,0.157
53,25,0.215
11,25,0.258
46,25,0.193
17,25,0.18
16,25,0.66
86,25,0.509
72,25,0.167
74,25,0.452
40,25,0.258
10,25,0.176
73,110,0.209
58,110,0.991
119,110,0.153
78,110,0.151
98,110,0.361
38,110,0.171
20,110,0.23
92,110,0.182
69,110,0.933
114,110,0.309
85,110,0.316
66,110,0.593
115,110,0.27
42,110,0.957
9,110,0.478
83,110,0.276
57,110,0.4
113,110,0.427
3,110,0.775
56,110,0.216
122,110,0.587
102,110,0.733
12,110,0.219
96,110,0.465
62,110,0.886
26,110,0.495
120,110,0.192
8,110,0.472
15,110,0.753
28,110,0.433
21,110,0.394
2,110,0.52
80,110,0.291
55,110,0.28
25,110,0.437
93,110,0.44
50,110,0.427
95,110,0.36
59,110,0.973
107,110,0.257
33,110,0.257
29,110,0.494
103,110,0.334
105,110,0.435
121,110,0.337
23,110,0.258
71,110,0.509
70,110,0.648
111,110,0.404
117,110,0.29
94,110,0.278
19,110,0.346
101,110,0.28
6,110,0.737
106,110,0.36
65,110,0.452
4,110,0.6
52,110,0.33
1,110,0.727
45,110,0.752
76,110,0.163
104,110,0.271
84,110,0.467
36,110,0.574
27,110,0.574
37,110,0.505
13,110,0.26
75,110,0.457
35,110,0.832
14,110,0.893
7,110,0.806
112,110,0.276
60,110,0.272
30,110,0.55
109,110,0.243
11,110,0.33
46,110,0.473
63,110,0.761
91,110,0.312
72,110,0.33
68,110,0.469
64,110,0.26
74,110,0.324
5,110,0.177
47,110,0.28
48,110,0.33
73,44,0.446
58,44,0.182
69,44,0.205
81,44,0.152
123,44,0.605
83,44,0.232
88,44,0.17
102,44,0.371
96,44,0.15
21,44,0.422
2,44,0.15
25,44,0.21
93,44,0.166
59,44,0.218
107,44,0.388
33,44,0.388
19,44,0.221
6,44,0.282
75,44,0.169
18,44,0.196
72,44,0.415
40,44,0.15
73,19,0.369
58,19,0.312
99,19,0.494
97,19,0.333
78,19,0.371
0,19,0.394
98,19,0.255
87,19,0.176
116,19,0.265
38,19,0.381
20,19,0.395
24,19,0.592
79,19,0.235
92,19,0.219
69,19,0.185
54,19,0.653
85,19,0.685
66,19,0.349
44,19,0.221
81,19,0.24
123,19,0.324
42,19,0.192
9,19,0.577
83,19,0.801
57,19,0.636
113,19,0.365
3,19,0.741
88,19,0.637
56,19,0.342
122,19,0.437
102,19,0.461
110,19,0.346
12,19,0.487
96,19,0.678
62,19,0.531
26,19,0.694
120,19,0.299
8,19,0.736
15,19,0.65
28,19,0.676
21,19,0.575
2,19,0.46
41,19,0.281
80,19,0.473
55,19,0.52
25,19,0.688
93,19,0.973
50,19,0.534
95,19,0.566
59,19,0.367
107,19,0.949
33,19,0.949
29,19,0.997
103,19,0.985
105,19,0.95
121,19,0.495
23,19,0.984
71,19,0.619
70,19,0.997
117,19,0.998
94,19,0.99
101,19,0.965
6,19,0.318
106,19,0.313
65,19,0.525
4,19,0.41
39,19,0.196
52,19,0.287
1,19,0.376
45,19,0.23
76,19,0.298
104,19,0.271
84,19,0.23
36,19,0.284
27,19,0.284
37,19,0.204
13,19,0.154
67,19,0.328
75,19,0.249
35,19,0.432
14,19,0.491
108,19,0.88
7,19,0.369
18,19,0.15
82,19,0.174
77,19,0.176
22,19,0.179
61,19,0.154
60,19,0.414
31,19,0.153
30,19,0.363
109,19,0.833
11,19,0.413
46,19,0.301
17,19,0.388
16,19,0.208
91,19,0.348
72,19,0.201
74,19,0.218
32,19,0.157
48,19,0.44
73,94,0.264
58,94,0.372
119,94,0.226
99,94,0.305
97,94,0.282
78,94,0.209
0,94,0.437
98,94,0.262
24,94,0.488
79,94,0.173
92,94,0.154
69,94,0.341
114,94,0.333
54,94,0.525
85,94,0.445
66,94,0.281
115,94,0.55
81,94,0.27
9,94,0.341
83,94,0.547
57,94,0.432
113,94,0.27
3,94,0.396
88,94,0.698
56,94,0.39
122,94,0.544
102,94,0.272
110,94,0.278
96,94,0.378
62,94,0.406
26,94,0.451
120,94,0.936
8,94,0.638
15,94,0.174
28,94,0.473
21,94,0.264
2,94,0.285
80,94,0.437
55,94,0.153
25,94,0.744
93,94,0.995
50,94,0.566
95,94,0.957
59,94,0.333
107,94,0.925
33,94,0.925
29,94,0.989
103,94,0.504
105,94,0.956
121,94,0.962
23,94,0.967
71,94,0.527
70,94,0.986
111,94,0.991
117,94,0.517
19,94,0.99
101,94,0.962
6,94,0.15
106,94,0.17
65,94,0.219
4,94,0.208
52,94,0.512
1,94,0.288
75,94,0.258
108,94,0.217
82,94,0.153
89,94,0.33
112,94,0.217
22,94,0.326
61,94,0.23
60,94,0.258
30,94,0.206
11,94,0.299
91,94,0.215
90,94,0.176
73,29,0.362
58,29,0.481
99,29,0.218
97,29,0.169
78,29,0.208
0,29,0.461
98,29,0.259
87,29,0.424
38,29,0.236
20,29,0.451
24,29,0.931
92,29,0.209
69,29,0.309
54,29,0.796
85,29,0.796
66,29,0.53
115,29,0.188
123,29,0.216
42,29,0.311
9,29,0.605
83,29,0.773
57,29,0.624
113,29,0.348
3,29,0.765
88,29,0.577
56,29,0.568
122,29,0.401
102,29,0.878
110,29,0.494
12,29,0.451
96,29,0.744
62,29,0.619
26,29,0.953
120,29,0.177
8,29,0.962
15,29,0.62
28,29,0.965
21,29,0.948
2,29,0.561
41,29,0.332
80,29,0.294
55,29,0.257
25,29,0.739
93,29,0.979
50,29,0.483
95,29,0.684
59,29,0.364
107,29,0.933
33,29,0.933
103,29,0.875
105,29,0.987
121,29,0.495
23,29,0.999
71,29,0.99
100,29,0.363
70,29,0.999
117,29,0.96
94,29,0.989
19,29,0.997
101,29,0.973
6,29,0.816
106,29,0.445
65,29,0.33
4,29,0.867
52,29,0.503
1,29,0.695
45,29,0.544
76,29,0.495
104,29,0.257
84,29,0.679
36,29,0.723
27,29,0.723
37,29,0.456
13,29,0.314
51,29,0.337
75,29,0.32
35,29,0.489
14,29,0.457
108,29,0.476
7,29,0.473
22,29,0.706
60,29,0.255
31,29,0.521
30,29,0.593
109,29,0.349
11,29,0.955
46,29,0.554
17,29,0.388
91,29,0.735
72,29,0.369
90,29,0.504
74,29,0.503
5,29,0.526
32,29,0.421
34,29,0.657
47,29,0.23
48,29,0.151
73,2,0.913
58,2,0.525
99,2,0.27
0,2,0.401
98,2,0.327
38,2,0.383
20,2,0.858
24,2,0.388
69,2,0.567
54,2,0.231
85,2,0.3
66,2,0.262
44,2,0.15
123,2,0.177
42,2,0.342
9,2,0.385
83,2,0.3
57,2,0.446
113,2,0.205
3,2,0.969
56,2,0.23
122,2,0.156
102,2,0.601
110,2,0.52
12,2,0.553
96,2,0.268
62,2,0.917
26,2,0.767
8,2,0.489
15,2,0.912
28,2,0.401
21,2,0.324
41,2,0.209
25,2,0.566
93,2,0.564
50,2,0.272
95,2,0.273
59,2,0.548
107,2,0.388
33,2,0.388
29,2,0.561
103,2,0.487
105,2,0.232
121,2,0.153
23,2,0.387
71,2,0.509
70,2,0.797
117,2,0.243
94,2,0.285
19,2,0.46
6,2,0.356
106,2,0.33
65,2,0.155
4,2,0.853
39,2,0.32
52,2,0.208
1,2,0.761
45,2,0.261
76,2,0.54
104,2,0.208
84,2,0.507
36,2,0.343
27,2,0.343
37,2,0.384
13,2,0.388
67,2,0.388
51,2,0.155
75,2,0.273
35,2,0.841
14,2,0.848
108,2,0.151
7,2,0.747
89,2,0.272
60,2,0.298
30,2,0.389
109,2,0.179
11,2,0.739
46,2,0.299
63,2,0.152
16,2,0.195
72,2,0.868
90,2,0.151
68,2,0.744
64,2,0.217
74,2,0.855
5,2,0.31
32,2,0.193
47,2,0.319
48,2,0.48
73,26,0.172
58,26,0.377
98,26,0.255
38,26,0.198
20,26,0.294
24,26,0.457
69,26,0.449
54,26,0.273
85,26,0.639
66,26,0.321
42,26,0.366
9,26,0.703
57,26,0.394
113,26,0.155
3,26,0.937
102,26,0.888
110,26,0.495
12,26,0.38
96,26,0.382
62,26,0.809
8,26,0.993
15,26,0.839
28,26,0.638
21,26,0.15
2,26,0.767
41,26,0.172
25,26,0.236
93,26,0.902
50,26,0.257
95,26,0.347
59,26,0.368
107,26,0.314
33,26,0.314
29,26,0.953
103,26,0.946
105,26,0.405
121,26,0.236
23,26,0.683
71,26,0.869
70,26,0.999
117,26,0.357
94,26,0.451
19,26,0.694
101,26,0.291
6,26,0.801
106,26,0.793
65,26,0.358
4,26,0.821
39,26,0.188
1,26,0.695
76,26,0.177
104,26,0.376
84,26,0.528
36,26,0.631
27,26,0.631
37,26,0.468
13,26,0.465
67,26,0.286
75,26,0.58
35,26,0.674
14,26,0.669
7,26,0.447
30,26,0.657
11,26,0.907
46,26,0.451
91,26,0.857
72,26,0.453
90,26,0.924
68,26,0.208
64,26,0.171
74,26,0.657
5,26,0.475
34,26,0.238
47,26,0.43
73,102,0.22
58,102,0.731
78,102,0.311
98,102,0.295
87,102,0.151
38,102,0.271
20,102,0.237
24,102,0.396
79,102,0.259
69,102,0.274
85,102,0.421
66,102,0.365
44,102,0.371
115,102,0.171
123,102,0.15
42,102,0.652
9,102,0.478
83,102,0.194
57,102,0.355
113,102,0.435
3,102,0.74
88,102,0.172
56,102,0.156
122,102,0.376
110,102,0.733
12,102,0.394
96,102,0.495
62,102,0.644
26,102,0.888
8,102,0.918
15,102,0.761
28,102,0.649
21,102,0.482
2,102,0.601
41,102,0.172
80,102,0.298
55,102,0.284
25,102,0.274
93,102,0.438
50,102,0.343
95,102,0.23
59,102,0.41
107,102,0.81
33,102,0.81
29,102,0.878
103,102,0.6
105,102,0.545
121,102,0.264
23,102,0.441
71,102,0.423
70,102,0.875
117,102,0.282
94,102,0.272
19,102,0.461
101,102,0.199
6,102,0.992
106,102,0.698
65,102,0.415
4,102,0.96
39,102,0.157
52,102,0.27
1,102,0.899
45,102,0.361
76,102,0.204
104,102,0.544
84,102,0.968
36,102,0.955
27,102,0.955
37,102,0.89
13,102,0.697
75,102,0.41
35,102,0.761
14,102,0.883
7,102,0.669
18,102,0.257
22,102,0.175
61,102,0.175
30,102,0.403
109,102,0.218
11,102,0.975
46,102,0.837
63,102,0.181
91,102,0.513
72,102,0.33
90,102,0.32
68,102,0.217
64,102,0.195
74,102,0.411
5,102,0.846
40,102,0.208
34,102,0.176
47,102,0.616
48,102,0.282
73,3,0.779
58,3,0.736
98,3,0.233
38,3,0.154
20,3,0.684
24,3,0.621
69,3,0.36
114,3,0.153
54,3,0.193
85,3,0.692
66,3,0.479
123,3,0.211
42,3,0.509
9,3,0.581
83,3,0.218
57,3,0.307
113,3,0.151
88,3,0.207
102,3,0.74
110,3,0.775
12,3,0.583
96,3,0.334
62,3,0.821
26,3,0.937
8,3,0.858
15,3,0.988
28,3,0.714
21,3,0.298
2,3,0.969
41,3,0.157
80,3,0.154
55,3,0.15
25,3,0.351
93,3,0.45
50,3,0.193
95,3,0.272
59,3,0.543
107,3,0.35
33,3,0.35
29,3,0.765
103,3,0.684
105,3,0.435
121,3,0.278
23,3,0.409
71,3,0.853
70,3,0.969
117,3,0.217
94,3,0.396
19,3,0.741
6,3,0.529
106,3,0.413
65,3,0.59
4,3,0.78
52,3,0.32
1,3,0.749
76,3,0.793
104,3,0.572
84,3,0.644
36,3,0.618
27,3,0.618
37,3,0.672
13,3,0.489
51,3,0.172
75,3,0.648
35,3,0.981
14,3,0.979
108,3,0.154
7,3,0.89
18,3,0.354
61,3,0.28
30,3,0.911
109,3,0.389
11,3,0.813
46,3,0.649
91,3,0.555
72,3,0.936
90,3,0.181
68,3,0.259
64,3,0.272
74,3,0.934
5,3,0.33
40,3,0.272
47,3,0.392
48,3,0.732
49,3,0.201
73,117,0.153
99,117,0.294
97,117,0.194
78,117,0.275
0,117,0.604
98,117,0.242
24,117,0.233
79,117,0.35
92,117,0.151
69,117,0.375
114,117,0.198
54,117,0.683
85,117,0.293
115,117,0.272
81,117,0.351
9,117,0.384
83,117,0.319
57,117,0.292
3,117,0.217
56,117,0.412
122,117,0.923
102,117,0.282
110,117,0.29
96,117,0.469
62,117,0.238
26,117,0.357
120,117,0.421
8,117,0.382
21,117,0.925
2,117,0.243
80,117,0.31
25,117,0.35
93,117,0.334
50,117,0.172
95,117,0.284
59,117,0.16
107,117,0.936
33,117,0.936
29,117,0.96
103,117,0.762
105,117,0.17
121,117,0.936
23,117,0.942
71,117,0.285
100,117,0.15
70,117,0.965
111,117,0.53
94,117,0.517
19,117,0.998
101,117,0.22
6,117,0.191
65,117,0.271
4,117,0.183
1,117,0.15
75,117,0.151
35,117,0.217
108,117,0.466
82,117,0.153
77,117,0.153
112,117,0.22
60,117,0.265
109,117,0.643
53,117,0.233
11,117,0.22
48,117,0.357
73,23,0.259
58,23,0.153
97,23,0.155
78,23,0.17
0,23,0.498
98,23,0.296
87,23,0.23
38,23,0.388
20,23,0.405
24,23,0.795
92,23,0.15
69,23,0.181
54,23,0.65
85,23,0.591
66,23,0.657
115,23,0.269
9,23,0.577
83,23,0.614
57,23,0.879
113,23,0.471
3,23,0.409
88,23,0.298
56,23,0.538
122,23,0.386
102,23,0.441
110,23,0.258
12,23,0.532
96,23,0.582
62,23,0.528
26,23,0.683
120,23,0.173
8,23,0.764
15,23,0.352
28,23,0.884
21,23,0.937
2,23,0.387
41,23,0.359
80,23,0.232
55,23,0.295
25,23,0.56
93,23,0.974
50,23,0.758
95,23,0.685
59,23,0.357
107,23,0.936
33,23,0.936
29,23,0.999
103,23,0.717
105,23,0.958
121,23,0.403
71,23,0.753
100,23,0.244
70,23,0.996
117,23,0.942
94,23,0.967
19,23,0.984
101,23,0.964
6,23,0.517
106,23,0.209
4,23,0.286
39,23,0.172
52,23,0.412
1,23,0.273
45,23,0.478
76,23,0.274
84,23,0.151
36,23,0.209
27,23,0.209
118,23,0.214
35,23,0.152
14,23,0.154
108,23,0.479
89,23,0.156
22,23,0.31
60,23,0.462
31,23,0.326
30,23,0.362
11,23,0.64
46,23,0.174
17,23,0.412
16,23,0.155
91,23,0.348
90,23,0.426
74,23,0.165
32,23,0.447
34,23,0.36
73,107,0.341
58,107,0.388
97,107,0.23
78,107,0.208
0,107,0.725
98,107,0.333
87,107,0.364
38,107,0.394
20,107,0.192
24,107,0.319
69,107,0.582
114,107,0.497
54,107,0.577
85,107,0.155
66,107,0.3
44,107,0.388
115,107,0.266
81,107,0.175
123,107,0.371
42,107,0.511
9,107,0.157
83,107,0.217
57,107,0.945
113,107,0.22
3,107,0.35
88,107,0.476
56,107,0.453
122,107,0.418
102,107,0.81
110,107,0.257
12,107,0.272
96,107,0.197
62,107,0.631
26,107,0.314
8,107,0.449
15,107,0.176
28,107,0.17
21,107,0.723
2,107,0.388
41,107,0.214
80,107,0.215
25,107,0.941
93,107,0.96
50,107,0.453
95,107,0.524
59,107,0.833
29,107,0.933
103,107,0.392
105,107,0.9
121,107,0.233
23,107,0.936
71,107,0.174
70,107,0.943
117,107,0.936
94,107,0.925
19,107,0.949
101,107,0.908
6,107,0.677
106,107,0.391
65,107,0.157
4,107,0.502
39,107,0.196
52,107,0.862
1,107,0.465
76,107,0.172
104,107,0.651
84,107,0.217
36,107,0.235
27,107,0.235
37,107,0.153
13,107,0.176
67,107,0.428
51,107,0.456
75,107,0.216
35,107,0.215
14,107,0.152
7,107,0.15
18,107,0.725
89,107,0.617
112,107,0.349
22,107,0.344
61,107,0.924
60,107,0.975
31,107,0.211
43,107,0.178
109,107,0.177
53,107,0.296
11,107,0.299
17,107,0.226
16,107,0.962
74,107,0.4
32,107,0.211
40,107,0.681
48,107,0.292
73,33,0.341
58,33,0.388
97,33,0.23
78,33,0.208
0,33,0.725
98,33,0.333
87,33,0.364
38,33,0.394
20,33,0.192
24,33,0.319
69,33,0.582
114,33,0.497
54,33,0.577
85,33,0.155
66,33,0.3
44,33,0.388
115,33,0.266
81,33,0.175
123,33,0.371
42,33,0.511
9,33,0.157
83,33,0.217
57,33,0.945
113,33,0.22
3,33,0.35
88,33,0.476
56,33,0.453
122,33,0.418
102,33,0.81
110,33,0.257
12,33,0.272
96,33,0.197
62,33,0.631
26,33,0.314
8,33,0.449
15,33,0.176
28,33,0.17
21,33,0.723
2,33,0.388
41,33,0.214
80,33,0.215
25,33,0.941
93,33,0.96
50,33,0.453
95,33,0.524
59,33,0.833
29,33,0.933
103,33,0.392
105,33,0.9
121,33,0.233
23,33,0.936
71,33,0.174
70,33,0.943
117,33,0.936
94,33,0.925
19,33,0.949
101,33,0.908
6,33,0.677
106,33,0.391
65,33,0.157
4,33,0.502
39,33,0.196
52,33,0.862
1,33,0.465
76,33,0.172
104,33,0.651
84,33,0.217
36,33,0.235
27,33,0.235
37,33,0.153
13,33,0.176
67,33,0.428
51,33,0.456
75,33,0.216
35,33,0.215
14,33,0.152
7,33,0.15
18,33,0.725
89,33,0.617
112,33,0.349
22,33,0.344
61,33,0.924
60,33,0.975
31,33,0.211
43,33,0.178
109,33,0.177
53,33,0.296
11,33,0.299
17,33,0.226
16,33,0.962
74,33,0.4
32,33,0.211
40,33,0.681
48,33,0.292
73,46,0.195
58,46,0.554
20,46,0.17
24,46,0.396
69,46,0.265
85,46,0.365
66,46,0.647
42,46,0.351
113,46,0.263
3,46,0.649
102,46,0.837
110,46,0.473
12,46,0.356
96,46,0.211
62,46,0.9
26,46,0.451
8,46,0.487
15,46,0.576
28,46,0.615
21,46,0.156
2,46,0.299
25,46,0.193
93,46,0.394
95,46,0.174
59,46,0.283
29,46,0.554
103,46,0.376
105,46,0.23
23,46,0.174
71,46,0.394
70,46,0.683
19,46,0.301
6,46,0.71
106,46,0.298
65,46,0.218
4,46,0.808
1,46,0.598
45,46,0.541
76,46,0.188
104,46,0.368
84,46,0.654
36,46,0.662
27,46,0.662
37,46,0.789
13,46,0.385
67,46,0.296
75,46,0.426
35,46,0.637
14,46,0.51
7,46,0.468
18,46,0.172
30,46,0.353
11,46,0.594
63,46,0.172
91,46,0.283
72,46,0.209
68,46,0.323
64,46,0.594
74,46,0.344
5,46,0.344
47,46,0.268
73,93,0.385
58,93,0.674
99,93,0.32
97,93,0.367
78,93,0.172
0,93,0.32
98,93,0.305
87,93,0.15
116,93,0.151
38,93,0.31
20,93,0.23
24,93,0.274
92,93,0.15
69,93,0.523
114,93,0.152
54,93,0.45
85,93,0.427
66,93,0.756
44,93,0.166
115,93,0.296
81,93,0.17
123,93,0.262
42,93,0.321
9,93,0.424
83,93,0.384
57,93,0.704
113,93,0.669
3,93,0.45
88,93,0.32
56,93,0.287
122,93,0.475
102,93,0.438
110,93,0.44
12,93,0.343
96,93,0.554
62,93,0.821
26,93,0.902
120,93,0.23
8,93,0.834
15,93,0.513
28,93,0.436
21,93,0.394
2,93,0.564
41,93,0.29
80,93,0.298
55,93,0.155
25,93,0.626
50,93,0.695
95,93,0.978
59,93,0.688
107,93,0.96
33,93,0.96
29,93,0.979
103,93,0.939
105,93,0.976
121,93,0.239
23,93,0.974
71,93,0.528
100,93,0.219
70,93,0.979
111,93,0.24
117,93,0.334
94,93,0.995
19,93,0.973
101,93,0.925
6,93,0.299
106,93,0.4
65,93,0.23
4,93,0.615
39,93,0.16
52,93,0.485
1,93,0.385
45,93,0.577
76,93,0.209
104,93,0.754
84,93,0.346
36,93,0.297
27,93,0.297
37,93,0.273
13,93,0.195
67,93,0.154
75,93,0.38
35,93,0.273
14,93,0.258
108,93,0.293
7,93,0.214
18,93,0.153
60,93,0.513
30,93,0.306
109,93,0.287
11,93,0.379
46,93,0.394
91,93,0.375
90,93,0.517
68,93,0.413
64,93,0.195
74,93,0.234
34,93,0.173
73,11,0.284
58,11,0.546
20,11,0.395
24,11,0.702
69,11,0.21
54,11,0.353
85,11,0.325
66,11,0.301
123,11,0.151
42,11,0.442
9,11,0.299
83,11,0.208
57,11,0.431
113,11,0.153
3,11,0.813
102,11,0.975
110,11,0.33
12,11,0.341
96,11,0.216
62,11,0.556
26,11,0.907
8,11,0.955
15,11,0.559
28,11,0.795
21,11,0.23
2,11,0.739
41,11,0.196
25,11,0.258
93,11,0.379
95,11,0.306
59,11,0.426
107,11,0.299
33,11,0.299
29,11,0.955
103,11,0.363
105,11,0.356
23,11,0.64
71,11,0.53
70,11,0.854
117,11,0.22
94,11,0.299
19,11,0.413
6,11,0.942
106,11,0.627
65,11,0.231
4,11,0.998
52,11,0.318
1,11,0.953
76,11,0.4
104,11,0.329
84,11,0.982
36,11,0.848
27,11,0.848
37,11,0.824
13,11,0.887
75,11,0.597
35,11,0.57
14,11,0.478
7,11,0.326
18,11,0.151
61,11,0.21
60,11,0.9
30,11,0.641
109,11,0.315
46,11,0.594
91,11,0.525
72,11,0.323
90,11,0.384
64,11,0.172
74,11,0.544
5,11,0.903
40,11,0.152
47,11,0.794
73,0,0.284
99,0,0.292
97,0,0.191
87,0,0.832
24,0,0.443
69,0,0.29
114,0,0.238
54,0,0.961
42,0,0.454
9,0,0.15
83,0,0.598
57,0,0.517
113,0,0.31
88,0,0.343
56,0,0.934
28,0,0.354
21,0,0.438
2,0,0.401
25,0,0.558
93,0,0.32
50,0,0.216
95,0,0.415
59,0,0.46
107,0,0.725
33,0,0.725
29,0,0.461
103,0,0.256
121,0,0.209
23,0,0.498
70,0,0.298
117,0,0.604
94,0,0.437
19,0,0.394
101,0,0.3
4,0,0.15
52,0,0.21
51,0,0.293
89,0,0.293
61,0,0.391
60,0,0.443
31,0,0.22
16,0,0.391
74,0,0.154
73,62,0.452
58,62,0.91
98,62,0.178
38,62,0.47
20,62,0.526
24,62,0.273
69,62,0.943
114,62,0.244
85,62,0.64
66,62,0.936
115,62,0.175
123,62,0.188
42,62,0.587
9,62,0.868
83,62,0.354
57,62,0.71
113,62,0.477
3,62,0.821
88,62,0.165
56,62,0.479
122,62,0.171
102,62,0.644
110,62,0.886
12,62,0.661
96,62,0.309
26,62,0.809
8,62,0.714
15,62,0.586
28,62,0.692
21,62,0.476
2,62,0.917
41,62,0.23
80,62,0.169
55,62,0.153
25,62,0.321
93,62,0.821
50,62,0.386
95,62,0.451
59,62,0.932
107,62,0.631
33,62,0.631
29,62,0.619
103,62,0.532
105,62,0.506
121,62,0.245
23,62,0.528
71,62,0.298
70,62,0.736
117,62,0.238
94,62,0.406
19,62,0.531
6,62,0.467
106,62,0.679
65,62,0.332
4,62,0.791
39,62,0.189
52,62,0.388
1,62,0.708
45,62,0.169
76,62,0.409
104,62,0.395
84,62,0.466
36,62,0.566
27,62,0.566
37,62,0.552
13,62,0.388
118,62,0.15
67,62,0.615
75,62,0.238
35,62,0.403
14,62,0.571
108,62,0.358
7,62,0.358
18,62,0.209
89,62,0.171
60,62,0.261
30,62,0.249
109,62,0.151
53,62,0.208
11,62,0.556
46,62,0.9
63,62,0.744
17,62,0.671
16,62,0.207
91,62,0.157
72,62,0.3
68,62,0.909
64,62,0.924
74,62,0.361
5,62,0.292
40,62,0.171
47,62,0.218
48,62,0.478
73,99,0.176
97,99,0.931
0,99,0.292
98,99,0.709
114,99,0.274
54,99,0.206
83,99,0.355
88,99,0.23
122,99,0.341
96,99,0.948
2,99,0.27
80,99,0.416
55,99,0.304
25,99,0.378
93,99,0.32
50,99,0.173
29,99,0.218
105,99,0.171
121,99,0.177
100,99,0.641
70,99,0.156
117,99,0.294
94,99,0.305
19,99,0.494
101,99,0.551
89,99,0.174
112,99,0.322
73,1,0.401
58,1,0.687
97,1,0.19
78,1,0.178
116,1,0.155
38,1,0.2
20,1,0.467
24,1,0.397
79,1,0.151
69,1,0.463
114,1,0.217
85,1,0.375
66,1,0.31
115,1,0.151
123,1,0.299
42,1,0.58
9,1,0.45
83,1,0.272
57,1,0.645
113,1,0.533
3,1,0.749
88,1,0.157
56,1,0.153
122,1,0.15
102,1,0.899
110,1,0.727
12,1,0.457
96,1,0.252
62,1,0.708
26,1,0.695
8,1,0.552
15,1,0.611
28,1,0.576
21,1,0.297
2,1,0.761
41,1,0.217
80,1,0.157
55,1,0.218
25,1,0.622
93,1,0.385
50,1,0.518
95,1,0.274
59,1,0.505
107,1,0.465
33,1,0.465
29,1,0.695
103,1,0.316
105,1,0.387
23,1,0.273
71,1,0.29
70,1,0.522
117,1,0.15
94,1,0.288
19,1,0.376
6,1,0.809
106,1,0.52
65,1,0.371
4,1,0.945
52,1,0.343
45,1,0.574
76,1,0.27
104,1,0.594
84,1,0.931
36,1,0.867
27,1,0.867
37,1,0.796
13,1,0.889
67,1,0.173
75,1,0.329
35,1,0.616
14,1,0.602
108,1,0.296
7,1,0.505
18,1,0.163
61,1,0.627
31,1,0.176
30,1,0.23
109,1,0.173
11,1,0.953
46,1,0.598
63,1,0.157
16,1,0.218
91,1,0.292
72,1,0.468
90,1,0.384
68,1,0.298
64,1,0.386
74,1,0.343
5,1,0.885
40,1,0.174
34,1,0.151
47,1,0.838
48,1,0.257
73,15,0.53
58,15,0.7
98,15,0.394
20,15,0.463
24,15,0.356
69,15,0.366
85,15,0.162
66,15,0.299
42,15,0.63
9,15,0.531
3,15,0.988
122,15,0.151
102,15,0.761
110,15,0.753
12,15,0.23
96,15,0.157
62,15,0.586
26,15,0.839
8,15,0.611
28,15,0.329
21,15,0.242
2,15,0.912
80,15,0.174
55,15,0.15
25,15,0.171
93,15,0.513
50,15,0.193
95,15,0.615
59,15,0.32
107,15,0.176
33,15,0.176
29,15,0.62
103,15,0.691
105,15,0.257
121,15,0.206
23,15,0.352
71,15,0.578
70,15,0.963
94,15,0.174
19,15,0.65
6,15,0.58
106,15,0.298
65,15,0.446
4,15,0.794
52,15,0.151
1,15,0.611
45,15,0.168
76,15,0.311
104,15,0.291
84,15,0.596
36,15,0.787
27,15,0.787
37,15,0.479
13,15,0.546
75,15,0.505
35,15,0.984
14,15,0.989
7,15,0.919
18,15,0.273
60,15,0.167
30,15,0.615
109,15,0.422
11,15,0.559
46,15,0.576
91,15,0.559
72,15,0.887
90,15,0.407
68,15,0.263
64,15,0.286
74,15,0.762
5,15,0.326
40,15,0.151
34,15,0.152
47,15,0.386
48,15,0.505
49,15,0.23
73,14,0.626
58,14,0.723
78,14,0.151
38,14,0.152
20,14,0.388
24,14,0.218
69,14,0.186
85,14,0.151
66,14,0.272
42,14,0.775
9,14,0.348
113,14,0.171
3,14,0.979
122,14,0.185
102,14,0.883
110,14,0.893
12,14,0.452
96,14,0.176
62,14,0.571
26,14,0.669
8,14,0.626
15,14,0.989
28,14,0.299
2,14,0.848
80,14,0.216
55,14,0.195
93,14,0.258
50,14,0.236
95,14,0.15
59,14,0.313
107,14,0.152
33,14,0.152
29,14,0.457
103,14,0.476
105,14,0.274
23,14,0.154
71,14,0.531
70,14,0.87
19,14,0.491
6,14,0.834
106,14,0.272
65,14,0.413
4,14,0.643
52,14,0.176
1,14,0.602
76,14,0.382
104,14,0.203
84,14,0.749
36,14,0.876
27,14,0.876
37,14,0.757
13,14,0.33
75,14,0.479
35,14,0.993
7,14,0.976
30,14,0.388
109,14,0.358
11,14,0.478
46,14,0.51
91,14,0.356
72,14,0.853
90,14,0.218
68,14,0.164
64,14,0.208
74,14,0.606
5,14,0.414
47,14,0.46
48,14,0.529
73,35,0.604
58,35,0.668
78,35,0.157
20,35,0.318
24,35,0.271
69,35,0.21
66,35,0.213
42,35,0.668
9,35,0.377
3,35,0.981
122,35,0.206
102,35,0.761
110,35,0.832
12,35,0.258
96,35,0.202
62,35,0.403
26,35,0.674
8,35,0.594
15,35,0.984
28,35,0.388
21,35,0.165
2,35,0.841
80,35,0.194
55,35,0.215
25,35,0.175
93,35,0.273
50,35,0.151
59,35,0.342
107,35,0.215
33,35,0.215
29,35,0.489
103,35,0.53
105,35,0.295
121,35,0.211
23,35,0.152
71,35,0.557
70,35,0.909
117,35,0.217
19,35,0.432
6,35,0.72
106,35,0.293
65,35,0.47
4,35,0.507
52,35,0.201
1,35,0.616
76,35,0.372
104,35,0.397
84,35,0.586
36,35,0.853
27,35,0.853
37,35,0.592
13,35,0.274
75,35,0.477
14,35,0.993
7,35,0.972
18,35,0.176
61,35,0.332
30,35,0.546
109,35,0.33
11,35,0.57
46,35,0.637
63,35,0.177
91,35,0.312
72,35,0.909
68,35,0.157
64,35,0.178
74,35,0.734
5,35,0.261
47,35,0.272
48,35,0.595
49,35,0.239
73,13,0.258
58,13,0.359
38,13,0.234
20,13,0.655
69,13,0.195
42,13,0.239
57,13,0.209
113,13,0.156
3,13,0.489
102,13,0.697
110,13,0.26
12,13,0.458
62,13,0.388
26,13,0.465
8,13,0.189
15,13,0.546
28,13,0.272
21,13,0.294
2,13,0.388
41,13,0.357
93,13,0.195
50,13,0.195
59,13,0.188
107,13,0.176
33,13,0.176
29,13,0.314
103,13,0.23
105,13,0.208
70,13,0.26
19,13,0.154
6,13,0.599
106,13,0.273
4,13,0.854
52,13,0.151
1,13,0.889
45,13,0.153
104,13,0.21
84,13,0.84
36,13,0.636
27,13,0.636
37,13,0.667
67,13,0.158
35,13,0.274
14,13,0.33
7,13,0.341
18,13,0.299
43,13,0.258
11,13,0.887
46,13,0.385
16,13,0.154
91,13,0.171
72,13,0.21
68,13,0.212
64,13,0.355
74,13,0.259
5,13,0.735
40,13,0.271
47,13,0.844
73,123,0.448
58,123,0.172
119,123,0.274
97,123,0.202
38,123,0.195
114,123,0.393
85,123,0.53
44,123,0.605
115,123,0.208
83,123,0.152
3,123,0.211
88,123,0.17
122,123,0.175
102,123,0.15
12,123,0.298
62,123,0.188
28,123,0.386
21,123,0.173
2,123,0.177
25,123,0.388
93,123,0.262
50,123,0.218
95,123,0.151
59,123,0.191
107,123,0.371
33,123,0.371
29,123,0.216
70,123,0.188
19,123,0.324
101,123,0.257
6,123,0.153
106,123,0.33
52,123,0.326
1,123,0.299
76,123,0.328
108,123,0.208
112,123,0.284
11,123,0.151
73,54,0.388
99,54,0.206
97,54,0.183
0,54,0.961
87,54,0.388
38,54,0.162
24,54,0.422
69,54,0.263
114,54,0.317
85,54,0.265
115,54,0.378
9,54,0.224
83,54,0.513
57,54,0.426
3,54,0.193
88,54,0.494
56,54,0.901
96,54,0.152
26,54,0.273
120,54,0.208
8,54,0.272
28,54,0.209
21,54,0.323
2,54,0.231
25,54,0.729
93,54,0.45
50,54,0.225
95,54,0.522
59,54,0.422
107,54,0.577
33,54,0.577
29,54,0.796
103,54,0.279
105,54,0.199
121,54,0.237
23,54,0.65
70,54,0.591
117,54,0.683
94,54,0.525
19,54,0.653
101,54,0.299
4,54,0.273
52,54,0.98
51,54,0.298
89,54,0.518
60,54,0.274
53,54,0.819
11,54,0.353
16,54,0.273
73,20,0.649
58,20,0.27
38,20,0.594
69,20,0.328
85,20,0.217
66,20,0.505
42,20,0.175
9,20,0.273
83,20,0.271
57,20,0.33
113,20,0.208
3,20,0.684
102,20,0.237
110,20,0.23
12,20,0.903
62,20,0.526
26,20,0.294
8,20,0.189
15,20,0.463
28,20,0.21
21,20,0.789
2,20,0.858
41,20,0.907
25,20,0.271
93,20,0.23
50,20,0.216
95,20,0.151
59,20,0.207
107,20,0.192
33,20,0.192
29,20,0.451
105,20,0.352
23,20,0.405
70,20,0.42
19,20,0.395
6,20,0.217
106,20,0.164
4,20,0.579
39,20,0.409
52,20,0.15
1,20,0.467
45,20,0.19
76,20,0.261
104,20,0.168
84,20,0.258
36,20,0.213
27,20,0.213
13,20,0.655
67,20,0.155
75,20,0.163
35,20,0.318
14,20,0.388
108,20,0.208
7,20,0.34
18,20,0.651
30,20,0.154
43,20,0.351
11,20,0.395
46,20,0.17
17,20,0.209
72,20,0.637
68,20,0.259
64,20,0.153
74,20,0.284
40,20,0.77
34,20,0.155
47,20,0.155
48,20,0.31
73,12,0.359
58,12,0.38
119,12,0.178
97,12,0.207
38,12,0.732
20,12,0.903
24,12,0.219
69,12,0.35
114,12,0.474
85,12,0.6
66,12,0.561
115,12,0.258
123,12,0.298
42,12,0.154
9,12,0.374
83,12,0.505
57,12,0.69
113,12,0.409
3,12,0.583
88,12,0.21
56,12,0.3
102,12,0.394
110,12,0.219
62,12,0.661
26,12,0.38
8,12,0.572
15,12,0.23
28,12,0.293
21,12,0.884
2,12,0.553
41,12,0.888
25,12,0.341
93,12,0.343
50,12,0.358
95,12,0.341
59,12,0.274
107,12,0.272
33,12,0.272
29,12,0.451
103,12,0.273
105,12,0.334
23,12,0.532
71,12,0.243
70,12,0.417
19,12,0.487
101,12,0.172
6,12,0.272
106,12,0.399
65,12,0.197
4,12,0.343
39,12,0.435
52,12,0.198
1,12,0.457
45,12,0.153
76,12,0.461
104,12,0.916
84,12,0.209
36,12,0.257
27,12,0.257
37,12,0.313
13,12,0.458
67,12,0.295
75,12,0.216
35,12,0.258
14,12,0.452
108,12,0.218
7,12,0.274
18,12,0.743
89,12,0.151
112,12,0.316
60,12,0.173
43,12,0.563
11,12,0.341
46,12,0.356
72,12,0.152
68,12,0.358
64,12,0.393
74,12,0.171
5,12,0.155
40,12,0.755
47,12,0.152
48,12,0.209
73,30,0.276
58,30,0.378
97,30,0.193
98,30,0.421
87,30,0.282
20,30,0.154
24,30,0.173
92,30,0.206
85,30,0.588
66,30,0.164
42,30,0.246
3,30,0.911
56,30,0.154
102,30,0.403
110,30,0.55
96,30,0.699
62,30,0.249
26,30,0.657
8,30,0.671
15,30,0.615
28,30,0.472
21,30,0.262
2,30,0.389
25,30,0.157
93,30,0.306
50,30,0.15
95,30,0.15
59,30,0.21
29,30,0.593
103,30,0.328
105,30,0.37
23,30,0.362
71,30,0.91
100,30,0.173
70,30,0.924
94,30,0.206
19,30,0.363
6,30,0.238
106,30,0.423
65,30,0.417
4,30,0.261
1,30,0.23
45,30,0.562
76,30,0.783
84,30,0.23
36,30,0.259
27,30,0.259
37,30,0.469
75,30,0.907
35,30,0.546
14,30,0.388
7,30,0.342
11,30,0.641
46,30,0.353
91,30,0.744
72,30,0.386
74,30,0.73
48,30,0.552
73,48,0.203
58,48,0.351
20,48,0.31
69,48,0.154
66,48,0.178
42,48,0.154
3,48,0.732
102,48,0.282
110,48,0.33
12,48,0.209
62,48,0.478
15,48,0.505
2,48,0.48
107,48,0.292
33,48,0.292
29,48,0.151
71,48,0.595
70,48,0.405
117,48,0.357
19,48,0.44
6,48,0.257
65,48,0.406
4,48,0.218
1,48,0.257
104,48,0.153
84,48,0.274
36,48,0.272
27,48,0.272
37,48,0.19
75,48,0.625
35,48,0.595
14,48,0.529
7,48,0.502
30,48,0.552
43,48,0.178
109,48,0.21
17,48,0.178
91,48,0.533
72,48,0.384
68,48,0.177
74,48,0.373
5,48,0.175
73,7,0.453
58,7,0.655
78,7,0.154
20,7,0.34
24,7,0.333
69,7,0.15
66,7,0.209
42,7,0.786
9,7,0.178
3,7,0.89
102,7,0.669
110,7,0.806
12,7,0.274
62,7,0.358
26,7,0.447
8,7,0.461
15,7,0.919
28,7,0.299
2,7,0.747
80,7,0.184
55,7,0.151
25,7,0.234
93,7,0.214
50,7,0.151
59,7,0.272
107,7,0.15
33,7,0.15
29,7,0.473
103,7,0.3
105,7,0.291
71,7,0.508
70,7,0.761
19,7,0.369
6,7,0.661
106,7,0.274
65,7,0.598
4,7,0.458
52,7,0.151
1,7,0.505
76,7,0.23
104,7,0.172
84,7,0.573
36,7,0.732
27,7,0.732
37,7,0.65
13,7,0.341
75,7,0.656
35,7,0.972
14,7,0.976
30,7,0.342
109,7,0.175
11,7,0.326
46,7,0.468
91,7,0.342
72,7,0.763
64,7,0.218
74,7,0.597
5,7,0.234
34,7,0.217
47,7,0.31
48,7,0.502
73,74,0.77
58,74,0.38
0,74,0.154
20,74,0.284
24,74,0.299
69,74,0.151
85,74,0.463
42,74,0.235
3,74,0.934
102,74,0.411
110,74,0.324
12,74,0.171
96,74,0.172
62,74,0.361
26,74,0.657
8,74,0.387
15,74,0.762
28,74,0.525
21,74,0.173
2,74,0.855
25,74,0.452
93,74,0.234
95,74,0.155
59,74,0.259
