74 58 0.154
59 58 0.703
1 58 0.517
117 58 0.161
39 58 0.449
21 58 0.33
25 58 0.23
70 58 0.46
115 58 0.244
55 58 0.426
86 58 0.512
67 58 0.822
116 58 0.162
43 58 0.695
10 58 0.838
84 58 0.343
114 58 0.562
4 58 0.307
89 58 0.287
57 58 0.33
103 58 0.355
111 58 0.4
13 58 0.69
97 58 0.195
63 58 0.71
27 58 0.394
121 58 0.15
9 58 0.862
29 58 0.723
22 58 0.345
3 58 0.446
42 58 0.257
56 58 0.209
26 58 0.698
94 58 0.704
51 58 0.566
96 58 0.529
60 58 0.874
108 58 0.945
34 58 0.945
30 58 0.624
104 58 0.398
106 58 0.175
24 58 0.879
72 58 0.155
71 58 0.519
118 58 0.292
95 58 0.432
20 58 0.636
102 58 0.22
7 58 0.235
107 58 0.416
66 58 0.194
5 58 0.34
40 58 0.188
53 58 0.54
2 58 0.645
46 58 0.272
105 58 0.393
85 58 0.209
37 58 0.236
28 58 0.236
14 58 0.209
119 58 0.31
52 58 0.292
109 58 0.577
19 58 0.156
90 58 0.394
62 58 0.728
61 58 0.958
12 58 0.431
18 58 0.473
17 58 0.849
74 84 0.3
59 84 0.281
120 84 0.449
100 84 0.355
98 84 0.358
79 84 0.2
1 84 0.598
99 84 0.314
88 84 0.296
117 84 0.769
39 84 0.501
21 84 0.271
25 84 0.532
93 84 0.31
70 84 0.339
115 84 0.152
55 84 0.513
86 84 0.461
67 84 0.154
45 84 0.232
116 84 0.557
124 84 0.152
10 84 0.298
58 84 0.343
114 84 0.964
4 84 0.218
89 84 0.761
57 84 0.762
123 84 0.275
103 84 0.194
111 84 0.276
13 84 0.505
97 84 0.521
63 84 0.354
121 84 0.228
9 84 0.17
29 84 0.34
22 84 0.714
3 84 0.3
42 84 0.439
81 84 0.286
56 84 0.838
26 84 0.664
94 84 0.384
51 84 0.967
96 84 0.574
60 84 0.23
108 84 0.217
34 84 0.217
30 84 0.773
104 84 0.274
106 84 0.316
122 84 0.319
24 84 0.614
71 84 0.399
118 84 0.319
95 84 0.547
20 84 0.801
102 84 0.955
5 84 0.23
40 84 0.329
53 84 0.218
2 84 0.272
46 84 0.26
77 84 0.164
105 84 0.166
19 84 0.15
90 84 0.303
110 84 0.224
12 84 0.208
92 84 0.175
87 84 0.464
74 99 0.3
59 99 0.218
100 99 0.709
98 99 0.29
79 99 0.214
117 99 0.156
93 99 0.307
70 99 0.262
115 99 0.841
67 99 0.154
116 99 0.793
82 99 0.264
10 99 0.27
84 99 0.314
114 99 0.328
4 99 0.233
89 99 0.194
57 99 0.151
123 99 0.347
103 99 0.295
111 99 0.361
97 99 0.991
63 99 0.178
27 99 0.255
121 99 0.223
9 99 0.308
16 99 0.394
22 99 0.235
3 99 0.327
81 99 0.352
56 99 0.475
26 99 0.491
94 99 0.305
51 99 0.39
60 99 0.211
108 99 0.333
34 99 0.333
30 99 0.259
104 99 0.937
106 99 0.299
122 99 0.403
24 99 0.296
101 99 0.694
71 99 0.429
112 99 0.21
118 99 0.242
95 99 0.262
20 99 0.255
102 99 0.274
7 99 0.295
5 99 0.224
53 99 0.156
105 99 0.26
37 99 0.178
28 99 0.178
19 99 0.152
90 99 0.601
113 99 0.778
31 99 0.421
92 99 0.322
91 99 0.326
74 102 0.172
59 102 0.234
120 102 0.284
100 102 0.551
98 102 0.325
79 102 0.269
1 102 0.3
99 102 0.274
117 102 0.747
39 102 0.334
25 102 0.157
80 102 0.151
93 102 0.237
70 102 0.188
115 102 0.216
55 102 0.299
86 102 0.369
116 102 0.326
124 102 0.257
10 102 0.293
84 102 0.955
58 102 0.22
114 102 0.76
89 102 0.35
57 102 0.512
123 102 0.171
103 102 0.199
111 102 0.28
13 102 0.172
97 102 0.688
27 102 0.291
121 102 0.153
9 102 0.218
29 102 0.208
22 102 0.325
42 102 0.152
81 102 0.238
56 102 0.914
26 102 0.405
94 102 0.925
51 102 0.905
96 102 0.356
60 102 0.213
108 102 0.908
34 102 0.908
30 102 0.973
104 102 0.311
106 102 0.92
122 102 0.316
24 102 0.964
72 102 0.189
101 102 0.175
71 102 0.953
118 102 0.22
95 102 0.962
20 102 0.965
40 102 0.243
53 102 0.494
46 102 0.441
87 102 0.406
35 102 0.218
74 60 0.15
59 60 0.991
120 60 0.291
79 60 0.291
1 60 0.46
99 60 0.211
88 60 0.22
39 60 0.388
21 60 0.207
25 60 0.173
80 60 0.195
70 60 0.973
115 60 0.292
55 60 0.422
86 60 0.269
67 60 0.607
45 60 0.218
116 60 0.408
82 60 0.227
124 60 0.191
43 60 0.984
10 60 0.419
84 60 0.23
58 60 0.874
114 60 0.411
4 60 0.543
89 60 0.212
57 60 0.386
123 60 0.585
103 60 0.41
111 60 0.973
13 60 0.274
97 60 0.435
63 60 0.932
27 60 0.368
121 60 0.17
9 60 0.374
16 60 0.32
29 60 0.445
22 60 0.506
3 60 0.548
42 60 0.207
81 60 0.284
56 60 0.224
26 60 0.585
94 60 0.688
51 60 0.528
96 60 0.646
108 60 0.833
34 60 0.833
30 60 0.364
104 60 0.287
106 60 0.204
24 60 0.357
72 60 0.322
71 60 0.45
118 60 0.16
95 60 0.333
20 60 0.367
102 60 0.213
7 60 0.355
107 60 0.368
66 60 0.208
5 60 0.48
40 60 0.171
53 60 0.827
2 60 0.505
46 60 0.196
77 60 0.154
105 60 0.464
85 60 0.234
37 60 0.298
28 60 0.298
38 60 0.172
14 60 0.188
119 60 0.172
68 60 0.21
52 60 0.151
76 60 0.216
36 60 0.342
15 60 0.313
109 60 0.17
8 60 0.272
19 60 0.294
78 60 0.179
113 60 0.151
62 60 0.595
61 60 0.859
31 60 0.21
54 60 0.292
12 60 0.426
47 60 0.283
64 60 0.688
17 60 0.7
87 60 0.636
69 60 0.553
65 60 0.192
75 60 0.259
41 60 0.274
74 59 0.314
120 59 0.341
79 59 0.273
99 59 0.218
88 59 0.157
39 59 0.461
21 59 0.27
25 59 0.151
80 59 0.151
70 59 0.971
115 59 0.179
86 59 0.241
67 59 0.516
45 59 0.182
116 59 0.357
82 59 0.177
124 59 0.172
43 59 0.98
10 59 0.346
84 59 0.281
58 59 0.703
114 59 0.65
4 59 0.736
89 59 0.183
57 59 0.271
123 59 0.474
103 59 0.731
111 59 0.991
13 59 0.38
97 59 0.258
63 59 0.91
27 59 0.377
121 59 0.216
9 59 0.604
16 59 0.7
29 59 0.544
22 59 0.388
3 59 0.525
42 59 0.155
81 59 0.298
56 59 0.273
26 59 0.514
94 59 0.674
51 59 0.433
96 59 0.526
60 59 0.991
108 59 0.388
34 59 0.388
30 59 0.481
104 59 0.348
106 59 0.258
24 59 0.153
72 59 0.427
101 59 0.272
71 59 0.631
95 59 0.372
20 59 0.312
102 59 0.234
7 59 0.65
107 59 0.386
66 59 0.352
5 59 0.741
40 59 0.156
53 59 0.592
2 59 0.687
46 59 0.274
77 59 0.176
105 59 0.416
85 59 0.492
37 59 0.529
28 59 0.529
38 59 0.493
14 59 0.359
68 59 0.219
76 59 0.33
36 59 0.668
15 59 0.723
8 59 0.655
19 59 0.26
62 59 0.153
61 59 0.3
31 59 0.378
110 59 0.257
54 59 0.153
12 59 0.546
47 59 0.554
64 59 0.741
17 59 0.242
92 59 0.287
73 59 0.298
91 59 0.349
69 59 0.344
65 59 0.155
75 59 0.38
6 59 0.274
41 59 0.234
48 59 0.369
49 59 0.351
74 57 0.157
59 57 0.271
120 57 0.218
79 57 0.329
1 57 0.934
99 57 0.151
88 57 0.921
117 57 0.15
39 57 0.386
25 57 0.458
80 57 0.311
93 57 0.232
70 57 0.394
115 57 0.227
55 57 0.901
86 57 0.229
67 57 0.386
116 57 0.566
10 57 0.214
84 57 0.762
58 57 0.33
114 57 0.432
89 57 0.299
123 57 0.308
103 57 0.156
111 57 0.216
13 57 0.3
97 57 0.375
63 57 0.479
9 57 0.157
29 57 0.506
22 57 0.396
3 57 0.23
81 57 0.388
56 57 0.157
26 57 0.388
94 57 0.287
51 57 0.574
96 57 0.512
60 57 0.386
108 57 0.453
34 57 0.453
30 57 0.568
104 57 0.255
122 57 0.268
24 57 0.538
72 57 0.191
71 57 0.553
118 57 0.412
95 57 0.39
20 57 0.342
102 57 0.512
53 57 0.769
2 57 0.153
119 57 0.182
109 57 0.215
83 57 0.155
23 57 0.529
61 57 0.413
32 57 0.57
31 57 0.154
54 57 0.398
18 57 0.21
87 57 0.176
35 57 0.188
74 90 0.409
100 90 0.174
98 90 0.194
1 90 0.293
99 90 0.601
88 90 0.32
25 90 0.216
115 90 0.981
55 90 0.518
67 90 0.15
116 90 0.842
84 90 0.303
58 90 0.394
123 90 0.273
13 90 0.151
97 90 0.336
63 90 0.171
121 90 0.198
22 90 0.173
3 90 0.272
56 90 0.213
26 90 0.896
51 90 0.21
96 90 0.239
108 90 0.617
34 90 0.617
122 90 0.222
24 90 0.156
112 90 0.466
95 90 0.33
107 90 0.255
53 90 0.566
77 90 0.166
113 90 0.908
74 71 0.447
59 71 0.631
100 71 0.156
98 71 0.211
79 71 0.256
1 71 0.298
99 71 0.429
88 71 0.272
39 71 0.231
21 71 0.42
25 71 0.713
93 71 0.261
70 71 0.274
115 71 0.318
55 71 0.591
86 71 0.864
67 71 0.457
116 71 0.238
124 71 0.188
43 71 0.459
10 71 0.722
84 71 0.399
58 71 0.519
114 71 0.23
4 71 0.969
89 71 0.25
57 71 0.553
123 71 0.498
103 71 0.875
111 71 0.648
13 71 0.417
97 71 0.851
63 71 0.736
27 71 0.999
121 71 0.291
9 71 0.993
16 71 0.963
29 71 0.745
22 71 0.93
3 71 0.797
42 71 0.271
81 71 0.235
56 71 0.151
26 71 0.447
94 71 0.979
51 71 0.379
96 71 0.499
60 71 0.45
108 71 0.943
34 71 0.943
30 71 0.999
104 71 0.973
106 71 0.99
122 71 0.598
24 71 0.996
72 71 0.999
101 71 0.372
118 71 0.965
95 71 0.986
20 71 0.997
102 71 0.953
7 71 0.746
107 71 0.646
66 71 0.652
5 71 0.742
40 71 0.269
53 71 0.535
2 71 0.522
46 71 0.437
77 71 0.918
105 71 0.414
85 71 0.633
37 71 0.836
28 71 0.836
38 71 0.41
14 71 0.26
76 71 0.807
36 71 0.909
15 71 0.87
109 71 0.281
8 71 0.761
23 71 0.328
61 71 0.237
32 71 0.177
31 71 0.924
110 71 0.395
54 71 0.284
12 71 0.854
47 71 0.683
18 71 0.196
92 71 0.909
73 71 0.773
91 71 0.655
65 71 0.156
75 71 0.825
6 71 0.329
35 71 0.461
48 71 0.185
49 71 0.405
74 96 0.48
59 96 0.526
120 96 0.199
98 96 0.269
79 96 0.208
1 96 0.415
88 96 0.152
39 96 0.401
21 96 0.151
25 96 0.355
70 96 0.623
55 96 0.522
86 96 0.371
67 96 0.53
116 96 0.314
124 96 0.151
84 96 0.574
58 96 0.529
114 96 0.31
4 96 0.272
89 96 0.35
57 96 0.512
123 96 0.167
103 96 0.23
111 96 0.36
13 96 0.341
97 96 0.225
63 96 0.451
27 96 0.347
9 96 0.347
16 96 0.615
29 96 0.327
22 96 0.634
3 96 0.273
42 96 0.343
81 96 0.231
26 96 0.597
94 96 0.978
51 96 0.449
60 96 0.646
108 96 0.524
34 96 0.524
30 96 0.684
104 96 0.393
106 96 0.366
24 96 0.685
72 96 0.208
71 96 0.499
118 96 0.284
95 96 0.957
20 96 0.566
102 96 0.356
7 96 0.215
107 96 0.172
5 96 0.727
40 96 0.227
53 96 0.648
2 96 0.274
77 96 0.211
105 96 0.248
37 96 0.157
28 96 0.157
38 96 0.175
15 96 0.15
19 96 0.328
90 96 0.239
62 96 0.207
61 96 0.356
31 96 0.15
110 96 0.195
54 96 0.228
12 96 0.306
47 96 0.174
17 96 0.344
65 96 0.15
75 96 0.155
41 96 0.194
35 96 0.152
74 26 0.837
59 26 0.514
100 26 0.378
98 26 0.347
79 26 0.406
1 26 0.558
99 26 0.491
88 26 0.505
39 26 0.23
21 26 0.271
25 26 0.634
80 26 0.284
93 26 0.156
70 26 0.657
115 26 0.735
55 26 0.729
86 26 0.402
67 26 0.33
45 26 0.21
116 26 0.31
82 26 0.318
124 26 0.388
43 26 0.319
10 26 0.214
84 26 0.664
58 26 0.698
114 26 0.272
4 26 0.351
89 26 0.475
57 26 0.388
123 26 0.173
103 26 0.274
111 26 0.437
13 26 0.341
97 26 0.299
63 26 0.321
27 26 0.236
121 26 0.315
9 26 0.335
16 26 0.171
29 26 0.575
22 26 0.587
3 26 0.566
42 26 0.273
81 26 0.476
56 26 0.409
94 26 0.626
51 26 0.555
96 26 0.597
60 26 0.585
108 26 0.941
34 26 0.941
30 26 0.739
104 26 0.284
106 26 0.212
122 26 0.22
24 26 0.56
72 26 0.151
71 26 0.447
112 26 0.238
118 26 0.35
95 26 0.744
20 26 0.688
102 26 0.405
7 26 0.193
107 26 0.356
5 26 0.422
53 26 0.854
2 26 0.622
46 26 0.387
77 26 0.323
105 26 0.37
85 26 0.325
37 26 0.213
28 26 0.213
38 26 0.151
52 26 0.855
76 26 0.152
36 26 0.175
109 26 0.21
8 26 0.234
19 26 0.36
83 26 0.179
90 26 0.896
78 26 0.209
113 26 0.512
23 26 0.384
62 26 0.597
61 26 0.69
32 26 0.357
31 26 0.157
54 26 0.215
12 26 0.258
47 26 0.193
18 26 0.18
17 26 0.66
87 26 0.509
73 26 0.167
75 26 0.452
41 26 0.258
11 26 0.176
74 111 0.209
59 111 0.991
120 111 0.153
79 111 0.151
99 111 0.361
39 111 0.171
21 111 0.23
93 111 0.182
70 111 0.933
115 111 0.309
86 111 0.316
67 111 0.593
116 111 0.27
43 111 0.957
10 111 0.478
84 111 0.276
58 111 0.4
114 111 0.427
4 111 0.775
57 111 0.216
123 111 0.587
103 111 0.733
13 111 0.219
97 111 0.465
63 111 0.886
27 111 0.495
121 111 0.192
9 111 0.472
16 111 0.753
29 111 0.433
22 111 0.394
3 111 0.52
81 111 0.291
56 111 0.28
26 111 0.437
94 111 0.44
51 111 0.427
96 111 0.36
60 111 0.973
108 111 0.257
34 111 0.257
30 111 0.494
104 111 0.334
106 111 0.435
122 111 0.337
24 111 0.258
72 111 0.509
71 111 0.648
112 111 0.404
118 111 0.29
95 111 0.278
20 111 0.346
102 111 0.28
7 111 0.737
107 111 0.36
66 111 0.452
5 111 0.6
53 111 0.33
2 111 0.727
46 111 0.752
77 111 0.163
105 111 0.271
85 111 0.467
37 111 0.574
28 111 0.574
38 111 0.505
14 111 0.26
76 111 0.457
36 111 0.832
15 111 0.893
8 111 0.806
113 111 0.276
61 111 0.272
31 111 0.55
110 111 0.243
12 111 0.33
47 111 0.473
64 111 0.761
92 111 0.312
73 111 0.33
69 111 0.469
65 111 0.26
75 111 0.324
6 111 0.177
48 111 0.28
49 111 0.33
74 45 0.446
59 45 0.182
70 45 0.205
82 45 0.152
124 45 0.605
84 45 0.232
89 45 0.17
103 45 0.371
97 45 0.15
22 45 0.422
3 45 0.15
26 45 0.21
94 45 0.166
60 45 0.218
108 45 0.388
34 45 0.388
20 45 0.221
7 45 0.282
76 45 0.169
19 45 0.196
73 45 0.415
41 45 0.15
74 20 0.369
59 20 0.312
100 20 0.494
98 20 0.333
79 20 0.371
1 20 0.394
99 20 0.255
88 20 0.176
117 20 0.265
39 20 0.381
21 20 0.395
25 20 0.592
80 20 0.235
93 20 0.219
70 20 0.185
55 20 0.653
86 20 0.685
67 20 0.349
45 20 0.221
82 20 0.24
124 20 0.324
43 20 0.192
10 20 0.577
84 20 0.801
58 20 0.636
114 20 0.365
4 20 0.741
89 20 0.637
57 20 0.342
123 20 0.437
103 20 0.461
111 20 0.346
13 20 0.487
97 20 0.678
63 20 0.531
27 20 0.694
121 20 0.299
9 20 0.736
16 20 0.65
29 20 0.676
22 20 0.575
3 20 0.46
42 20 0.281
81 20 0.473
56 20 0.52
26 20 0.688
94 20 0.973
51 20 0.534
96 20 0.566
60 20 0.367
108 20 0.949
34 20 0.949
30 20 0.997
104 20 0.985
106 20 0.95
122 20 0.495
24 20 0.984
72 20 0.619
71 20 0.997
118 20 0.998
95 20 0.99
102 20 0.965
7 20 0.318
107 20 0.313
66 20 0.525
5 20 0.41
40 20 0.196
53 20 0.287
2 20 0.376
46 20 0.23
77 20 0.298
105 20 0.271
85 20 0.23
37 20 0.284
28 20 0.284
38 20 0.204
14 20 0.154
68 20 0.328
76 20 0.249
36 20 0.432
15 20 0.491
109 20 0.88
8 20 0.369
19 20 0.15
83 20 0.174
78 20 0.176
23 20 0.179
62 20 0.154
61 20 0.414
32 20 0.153
31 20 0.363
110 20 0.833
12 20 0.413
47 20 0.301
18 20 0.388
17 20 0.208
92 20 0.348
73 20 0.201
75 20 0.218
33 20 0.157
49 20 0.44
74 95 0.264
59 95 0.372
120 95 0.226
100 95 0.305
98 95 0.282
79 95 0.209
1 95 0.437
99 95 0.262
25 95 0.488
80 95 0.173
93 95 0.154
70 95 0.341
115 95 0.333
55 95 0.525
86 95 0.445
67 95 0.281
116 95 0.55
82 95 0.27
10 95 0.341
84 95 0.547
58 95 0.432
114 95 0.27
4 95 0.396
89 95 0.698
57 95 0.39
123 95 0.544
103 95 0.272
111 95 0.278
97 95 0.378
63 95 0.406
27 95 0.451
121 95 0.936
9 95 0.638
16 95 0.174
29 95 0.473
22 95 0.264
3 95 0.285
81 95 0.437
56 95 0.153
26 95 0.744
94 95 0.995
51 95 0.566
96 95 0.957
60 95 0.333
108 95 0.925
34 95 0.925
30 95 0.989
104 95 0.504
106 95 0.956
122 95 0.962
24 95 0.967
72 95 0.527
71 95 0.986
112 95 0.991
118 95 0.517
20 95 0.99
102 95 0.962
7 95 0.15
107 95 0.17
66 95 0.219
5 95 0.208
53 95 0.512
2 95 0.288
76 95 0.258
109 95 0.217
83 95 0.153
90 95 0.33
113 95 0.217
23 95 0.326
62 95 0.23
61 95 0.258
31 95 0.206
12 95 0.299
92 95 0.215
91 95 0.176
74 30 0.362
59 30 0.481
100 30 0.218
98 30 0.169
79 30 0.208
1 30 0.461
99 30 0.259
88 30 0.424
39 30 0.236
21 30 0.451
25 30 0.931
93 30 0.209
70 30 0.309
55 30 0.796
86 30 0.796
67 30 0.53
116 30 0.188
124 30 0.216
43 30 0.311
10 30 0.605
84 30 0.773
58 30 0.624
114 30 0.348
4 30 0.765
89 30 0.577
57 30 0.568
123 30 0.401
103 30 0.878
111 30 0.494
13 30 0.451
97 30 0.744
63 30 0.619
27 30 0.953
121 30 0.177
9 30 0.962
16 30 0.62
29 30 0.965
22 30 0.948
3 30 0.561
42 30 0.332
81 30 0.294
56 30 0.257
26 30 0.739
94 30 0.979
51 30 0.483
96 30 0.684
60 30 0.364
108 30 0.933
34 30 0.933
104 30 0.875
106 30 0.987
122 30 0.495
24 30 0.999
72 30 0.99
101 30 0.363
71 30 0.999
118 30 0.96
95 30 0.989
20 30 0.997
102 30 0.973
7 30 0.816
107 30 0.445
66 30 0.33
5 30 0.867
53 30 0.503
2 30 0.695
46 30 0.544
77 30 0.495
105 30 0.257
85 30 0.679
37 30 0.723
28 30 0.723
38 30 0.456
14 30 0.314
52 30 0.337
76 30 0.32
36 30 0.489
15 30 0.457
109 30 0.476
8 30 0.473
23 30 0.706
61 30 0.255
32 30 0.521
31 30 0.593
110 30 0.349
12 30 0.955
47 30 0.554
18 30 0.388
92 30 0.735
73 30 0.369
91 30 0.504
75 30 0.503
6 30 0.526
33 30 0.421
35 30 0.657
48 30 0.23
49 30 0.151
74 3 0.913
59 3 0.525
100 3 0.27
1 3 0.401
99 3 0.327
39 3 0.383
21 3 0.858
25 3 0.388
70 3 0.567
55 3 0.231
86 3 0.3
67 3 0.262
45 3 0.15
124 3 0.177
43 3 0.342
10 3 0.385
84 3 0.3
58 3 0.446
114 3 0.205
4 3 0.969
57 3 0.23
123 3 0.156
103 3 0.601
111 3 0.52
13 3 0.553
97 3 0.268
63 3 0.917
27 3 0.767
9 3 0.489
16 3 0.912
29 3 0.401
22 3 0.324
42 3 0.209
26 3 0.566
94 3 0.564
51 3 0.272
96 3 0.273
60 3 0.548
108 3 0.388
34 3 0.388
30 3 0.561
104 3 0.487
106 3 0.232
122 3 0.153
24 3 0.387
72 3 0.509
71 3 0.797
118 3 0.243
95 3 0.285
20 3 0.46
7 3 0.356
107 3 0.33
66 3 0.155
5 3 0.853
40 3 0.32
53 3 0.208
2 3 0.761
46 3 0.261
77 3 0.54
105 3 0.208
85 3 0.507
37 3 0.343
28 3 0.343
38 3 0.384
14 3 0.388
68 3 0.388
52 3 0.155
76 3 0.273
36 3 0.841
15 3 0.848
109 3 0.151
8 3 0.747
90 3 0.272
61 3 0.298
31 3 0.389
110 3 0.179
12 3 0.739
47 3 0.299
64 3 0.152
17 3 0.195
73 3 0.868
91 3 0.151
69 3 0.744
65 3 0.217
75 3 0.855
6 3 0.31
33 3 0.193
48 3 0.319
49 3 0.48
74 27 0.172
59 27 0.377
99 27 0.255
39 27 0.198
21 27 0.294
25 27 0.457
70 27 0.449
55 27 0.273
86 27 0.639
67 27 0.321
43 27 0.366
10 27 0.703
58 27 0.394
114 27 0.155
4 27 0.937
103 27 0.888
111 27 0.495
13 27 0.38
97 27 0.382
63 27 0.809
9 27 0.993
16 27 0.839
29 27 0.638
22 27 0.15
3 27 0.767
42 27 0.172
26 27 0.236
94 27 0.902
51 27 0.257
96 27 0.347
60 27 0.368
108 27 0.314
34 27 0.314
30 27 0.953
104 27 0.946
106 27 0.405
122 27 0.236
24 27 0.683
72 27 0.869
71 27 0.999
118 27 0.357
95 27 0.451
20 27 0.694
102 27 0.291
7 27 0.801
107 27 0.793
66 27 0.358
5 27 0.821
40 27 0.188
2 27 0.695
77 27 0.177
105 27 0.376
85 27 0.528
37 27 0.631
28 27 0.631
38 27 0.468
14 27 0.465
68 27 0.286
76 27 0.58
36 27 0.674
15 27 0.669
8 27 0.447
31 27 0.657
12 27 0.907
47 27 0.451
92 27 0.857
73 27 0.453
91 27 0.924
69 27 0.208
65 27 0.171
75 27 0.657
6 27 0.475
35 27 0.238
48 27 0.43
74 103 0.22
59 103 0.731
79 103 0.311
99 103 0.295
88 103 0.151
39 103 0.271
21 103 0.237
25 103 0.396
80 103 0.259
70 103 0.274
86 103 0.421
67 103 0.365
45 103 0.371
116 103 0.171
124 103 0.15
43 103 0.652
10 103 0.478
84 103 0.194
58 103 0.355
114 103 0.435
4 103 0.74
89 103 0.172
57 103 0.156
123 103 0.376
111 103 0.733
13 103 0.394
97 103 0.495
63 103 0.644
27 103 0.888
9 103 0.918
16 103 0.761
29 103 0.649
22 103 0.482
3 103 0.601
42 103 0.172
81 103 0.298
56 103 0.284
26 103 0.274
94 103 0.438
51 103 0.343
96 103 0.23
60 103 0.41
108 103 0.81
34 103 0.81
30 103 0.878
104 103 0.6
106 103 0.545
122 103 0.264
24 103 0.441
72 103 0.423
71 103 0.875
118 103 0.282
95 103 0.272
20 103 0.461
102 103 0.199
7 103 0.992
107 103 0.698
66 103 0.415
5 103 0.96
40 103 0.157
53 103 0.27
2 103 0.899
46 103 0.361
77 103 0.204
105 103 0.544
85 103 0.968
37 103 0.955
28 103 0.955
38 103 0.89
14 103 0.697
76 103 0.41
36 103 0.761
15 103 0.883
8 103 0.669
19 103 0.257
23 103 0.175
62 103 0.175
31 103 0.403
110 103 0.218
12 103 0.975
47 103 0.837
64 103 0.181
92 103 0.513
73 103 0.33
91 103 0.32
69 103 0.217
65 103 0.195
75 103 0.411
6 103 0.846
41 103 0.208
35 103 0.176
48 103 0.616
49 103 0.282
74 4 0.779
59 4 0.736
99 4 0.233
39 4 0.154
21 4 0.684
25 4 0.621
70 4 0.36
115 4 0.153
55 4 0.193
86 4 0.692
67 4 0.479
124 4 0.211
43 4 0.509
10 4 0.581
84 4 0.218
58 4 0.307
114 4 0.151
89 4 0.207
103 4 0.74
111 4 0.775
13 4 0.583
97 4 0.334
63 4 0.821
27 4 0.937
9 4 0.858
16 4 0.988
29 4 0.714
22 4 0.298
3 4 0.969
42 4 0.157
81 4 0.154
56 4 0.15
26 4 0.351
94 4 0.45
51 4 0.193
96 4 0.272
60 4 0.543
108 4 0.35
34 4 0.35
30 4 0.765
104 4 0.684
106 4 0.435
122 4 0.278
24 4 0.409
72 4 0.853
71 4 0.969
118 4 0.217
95 4 0.396
20 4 0.741
7 4 0.529
107 4 0.413
66 4 0.59
5 4 0.78
53 4 0.32
2 4 0.749
77 4 0.793
105 4 0.572
85 4 0.644
37 4 0.618
28 4 0.618
38 4 0.672
14 4 0.489
52 4 0.172
76 4 0.648
36 4 0.981
15 4 0.979
109 4 0.154
8 4 0.89
19 4 0.354
62 4 0.28
31 4 0.911
110 4 0.389
12 4 0.813
47 4 0.649
92 4 0.555
73 4 0.936
91 4 0.181
69 4 0.259
65 4 0.272
75 4 0.934
6 4 0.33
41 4 0.272
48 4 0.392
49 4 0.732
50 4 0.201
74 118 0.153
100 118 0.294
98 118 0.194
79 118 0.275
1 118 0.604
99 118 0.242
25 118 0.233
80 118 0.35
93 118 0.151
70 118 0.375
115 118 0.198
55 118 0.683
86 118 0.293
116 118 0.272
82 118 0.351
10 118 0.384
84 118 0.319
58 118 0.292
4 118 0.217
57 118 0.412
123 118 0.923
103 118 0.282
111 118 0.29
97 118 0.469
63 118 0.238
27 118 0.357
121 118 0.421
9 118 0.382
22 118 0.925
3 118 0.243
81 118 0.31
26 118 0.35
94 118 0.334
51 118 0.172
96 118 0.284
60 118 0.16
108 118 0.936
34 118 0.936
30 118 0.96
104 118 0.762
106 118 0.17
122 118 0.936
24 118 0.942
72 118 0.285
101 118 0.15
71 118 0.965
112 118 0.53
95 118 0.517
20 118 0.998
102 118 0.22
7 118 0.191
66 118 0.271
5 118 0.183
2 118 0.15
76 118 0.151
36 118 0.217
109 118 0.466
83 118 0.153
78 118 0.153
113 118 0.22
61 118 0.265
110 118 0.643
54 118 0.233
12 118 0.22
49 118 0.357
74 24 0.259
59 24 0.153
98 24 0.155
79 24 0.17
1 24 0.498
99 24 0.296
88 24 0.23
39 24 0.388
21 24 0.405
25 24 0.795
93 24 0.15
70 24 0.181
55 24 0.65
86 24 0.591
67 24 0.657
116 24 0.269
10 24 0.577
84 24 0.614
58 24 0.879
114 24 0.471
4 24 0.409
89 24 0.298
57 24 0.538
123 24 0.386
103 24 0.441
111 24 0.258
13 24 0.532
97 24 0.582
63 24 0.528
27 24 0.683
121 24 0.173
9 24 0.764
16 24 0.352
29 24 0.884
22 24 0.937
3 24 0.387
42 24 0.359
81 24 0.232
56 24 0.295
26 24 0.56
94 24 0.974
51 24 0.758
96 24 0.685
60 24 0.357
108 24 0.936
34 24 0.936
30 24 0.999
104 24 0.717
106 24 0.958
122 24 0.403
72 24 0.753
101 24 0.244
71 24 0.996
118 24 0.942
95 24 0.967
20 24 0.984
102 24 0.964
7 24 0.517
107 24 0.209
5 24 0.286
40 24 0.172
53 24 0.412
2 24 0.273
46 24 0.478
77 24 0.274
85 24 0.151
37 24 0.209
28 24 0.209
119 24 0.214
36 24 0.152
15 24 0.154
109 24 0.479
90 24 0.156
23 24 0.31
61 24 0.462
32 24 0.326
31 24 0.362
12 24 0.64
47 24 0.174
18 24 0.412
17 24 0.155
92 24 0.348
91 24 0.426
75 24 0.165
33 24 0.447
35 24 0.36
74 108 0.341
59 108 0.388
98 108 0.23
79 108 0.208
1 108 0.725
99 108 0.333
88 108 0.364
39 108 0.394
21 108 0.192
25 108 0.319
70 108 0.582
115 108 0.497
55 108 0.577
86 108 0.155
67 108 0.3
45 108 0.388
116 108 0.266
82 108 0.175
124 108 0.371
43 108 0.511
10 108 0.157
84 108 0.217
58 108 0.945
114 108 0.22
4 108 0.35
89 108 0.476
57 108 0.453
123 108 0.418
103 108 0.81
111 108 0.257
13 108 0.272
97 108 0.197
63 108 0.631
27 108 0.314
9 108 0.449
16 108 0.176
29 108 0.17
22 108 0.723
3 108 0.388
42 108 0.214
81 108 0.215
26 108 0.941
94 108 0.96
51 108 0.453
96 108 0.524
60 108 0.833
30 108 0.933
104 108 0.392
106 108 0.9
122 108 0.233
24 108 0.936
72 108 0.174
71 108 0.943
118 108 0.936
95 108 0.925
20 108 0.949
102 108 0.908
7 108 0.677
107 108 0.391
66 108 0.157
5 108 0.502
40 108 0.196
53 108 0.862
2 108 0.465
77 108 0.172
105 108 0.651
85 108 0.217
37 108 0.235
28 108 0.235
38 108 0.153
14 108 0.176
68 108 0.428
52 108 0.456
76 108 0.216
36 108 0.215
15 108 0.152
8 108 0.15
19 108 0.725
90 108 0.617
113 108 0.349
23 108 0.344
62 108 0.924
61 108 0.975
32 108 0.211
44 108 0.178
110 108 0.177
54 108 0.296
12 108 0.299
18 108 0.226
17 108 0.962
75 108 0.4
33 108 0.211
41 108 0.681
49 108 0.292
74 34 0.341
59 34 0.388
98 34 0.23
79 34 0.208
1 34 0.725
99 34 0.333
88 34 0.364
39 34 0.394
21 34 0.192
25 34 0.319
70 34 0.582
115 34 0.497
55 34 0.577
86 34 0.155
67 34 0.3
45 34 0.388
116 34 0.266
82 34 0.175
124 34 0.371
43 34 0.511
10 34 0.157
84 34 0.217
58 34 0.945
114 34 0.22
4 34 0.35
89 34 0.476
57 34 0.453
123 34 0.418
103 34 0.81
111 34 0.257
13 34 0.272
97 34 0.197
63 34 0.631
27 34 0.314
9 34 0.449
16 34 0.176
29 34 0.17
22 34 0.723
3 34 0.388
42 34 0.214
81 34 0.215
26 34 0.941
94 34 0.96
51 34 0.453
96 34 0.524
60 34 0.833
30 34 0.933
104 34 0.392
106 34 0.9
122 34 0.233
24 34 0.936
72 34 0.174
71 34 0.943
118 34 0.936
95 34 0.925
20 34 0.949
102 34 0.908
7 34 0.677
107 34 0.391
66 34 0.157
5 34 0.502
40 34 0.196
53 34 0.862
2 34 0.465
77 34 0.172
105 34 0.651
85 34 0.217
37 34 0.235
28 34 0.235
38 34 0.153
14 34 0.176
68 34 0.428
52 34 0.456
76 34 0.216
36 34 0.215
15 34 0.152
8 34 0.15
19 34 0.725
90 34 0.617
113 34 0.349
23 34 0.344
62 34 0.924
61 34 0.975
32 34 0.211
44 34 0.178
110 34 0.177
54 34 0.296
12 34 0.299
18 34 0.226
17 34 0.962
75 34 0.4
33 34 0.211
41 34 0.681
49 34 0.292
74 47 0.195
59 47 0.554
21 47 0.17
25 47 0.396
70 47 0.265
86 47 0.365
67 47 0.647
43 47 0.351
114 47 0.263
4 47 0.649
103 47 0.837
111 47 0.473
13 47 0.356
97 47 0.211
63 47 0.9
27 47 0.451
9 47 0.487
16 47 0.576
29 47 0.615
22 47 0.156
3 47 0.299
26 47 0.193
94 47 0.394
96 47 0.174
60 47 0.283
30 47 0.554
104 47 0.376
106 47 0.23
24 47 0.174
72 47 0.394
71 47 0.683
20 47 0.301
7 47 0.71
107 47 0.298
66 47 0.218
5 47 0.808
2 47 0.598
46 47 0.541
77 47 0.188
105 47 0.368
85 47 0.654
37 47 0.662
28 47 0.662
38 47 0.789
14 47 0.385
68 47 0.296
76 47 0.426
36 47 0.637
15 47 0.51
8 47 0.468
19 47 0.172
31 47 0.353
12 47 0.594
64 47 0.172
92 47 0.283
73 47 0.209
69 47 0.323
65 47 0.594
75 47 0.344
6 47 0.344
48 47 0.268
74 94 0.385
59 94 0.674
100 94 0.32
98 94 0.367
79 94 0.172
1 94 0.32
99 94 0.305
88 94 0.15
117 94 0.151
39 94 0.31
21 94 0.23
25 94 0.274
93 94 0.15
70 94 0.523
115 94 0.152
55 94 0.45
86 94 0.427
67 94 0.756
45 94 0.166
116 94 0.296
82 94 0.17
124 94 0.262
43 94 0.321
10 94 0.424
84 94 0.384
58 94 0.704
114 94 0.669
4 94 0.45
89 94 0.32
57 94 0.287
123 94 0.475
103 94 0.438
111 94 0.44
13 94 0.343
97 94 0.554
63 94 0.821
27 94 0.902
121 94 0.23
9 94 0.834
16 94 0.513
29 94 0.436
22 94 0.394
3 94 0.564
42 94 0.29
81 94 0.298
56 94 0.155
26 94 0.626
51 94 0.695
96 94 0.978
60 94 0.688
108 94 0.96
34 94 0.96
30 94 0.979
104 94 0.939
106 94 0.976
122 94 0.239
24 94 0.974
72 94 0.528
101 94 0.219
71 94 0.979
112 94 0.24
118 94 0.334
95 94 0.995
20 94 0.973
102 94 0.925
7 94 0.299
107 94 0.4
66 94 0.23
5 94 0.615
40 94 0.16
53 94 0.485
2 94 0.385
46 94 0.577
77 94 0.209
105 94 0.754
85 94 0.346
37 94 0.297
28 94 0.297
38 94 0.273
14 94 0.195
68 94 0.154
76 94 0.38
36 94 0.273
15 94 0.258
109 94 0.293
8 94 0.214
19 94 0.153
61 94 0.513
31 94 0.306
110 94 0.287
12 94 0.379
47 94 0.394
92 94 0.375
91 94 0.517
69 94 0.413
65 94 0.195
75 94 0.234
35 94 0.173
74 12 0.284
59 12 0.546
21 12 0.395
25 12 0.702
70 12 0.21
55 12 0.353
86 12 0.325
67 12 0.301
124 12 0.151
43 12 0.442
10 12 0.299
84 12 0.208
58 12 0.431
114 12 0.153
4 12 0.813
103 12 0.975
111 12 0.33
13 12 0.341
97 12 0.216
63 12 0.556
27 12 0.907
9 12 0.955
16 12 0.559
29 12 0.795
22 12 0.23
3 12 0.739
42 12 0.196
26 12 0.258
94 12 0.379
96 12 0.306
60 12 0.426
108 12 0.299
34 12 0.299
30 12 0.955
104 12 0.363
106 12 0.356
24 12 0.64
72 12 0.53
71 12 0.854
118 12 0.22
95 12 0.299
20 12 0.413
7 12 0.942
107 12 0.627
66 12 0.231
5 12 0.998
53 12 0.318
2 12 0.953
77 12 0.4
105 12 0.329
85 12 0.982
37 12 0.848
28 12 0.848
38 12 0.824
14 12 0.887
76 12 0.597
36 12 0.57
15 12 0.478
8 12 0.326
19 12 0.151
62 12 0.21
61 12 0.9
31 12 0.641
110 12 0.315
47 12 0.594
92 12 0.525
73 12 0.323
91 12 0.384
65 12 0.172
75 12 0.544
6 12 0.903
41 12 0.152
48 12 0.794
74 1 0.284
100 1 0.292
98 1 0.191
88 1 0.832
25 1 0.443
70 1 0.29
115 1 0.238
55 1 0.961
43 1 0.454
10 1 0.15
84 1 0.598
58 1 0.517
114 1 0.31
89 1 0.343
57 1 0.934
29 1 0.354
22 1 0.438
3 1 0.401
26 1 0.558
94 1 0.32
51 1 0.216
96 1 0.415
60 1 0.46
108 1 0.725
34 1 0.725
30 1 0.461
104 1 0.256
122 1 0.209
24 1 0.498
71 1 0.298
118 1 0.604
95 1 0.437
20 1 0.394
102 1 0.3
5 1 0.15
53 1 0.21
52 1 0.293
90 1 0.293
62 1 0.391
61 1 0.443
32 1 0.22
17 1 0.391
75 1 0.154
74 63 0.452
59 63 0.91
99 63 0.178
39 63 0.47
21 63 0.526
25 63 0.273
70 63 0.943
115 63 0.244
86 63 0.64
67 63 0.936
116 63 0.175
124 63 0.188
43 63 0.587
10 63 0.868
84 63 0.354
58 63 0.71
114 63 0.477
4 63 0.821
89 63 0.165
57 63 0.479
123 63 0.171
103 63 0.644
111 63 0.886
13 63 0.661
97 63 0.309
27 63 0.809
9 63 0.714
16 63 0.586
29 63 0.692
22 63 0.476
3 63 0.917
42 63 0.23
81 63 0.169
56 63 0.153
26 63 0.321
94 63 0.821
51 63 0.386
96 63 0.451
60 63 0.932
108 63 0.631
34 63 0.631
30 63 0.619
104 63 0.532
106 63 0.506
122 63 0.245
24 63 0.528
72 63 0.298
71 63 0.736
118 63 0.238
95 63 0.406
20 63 0.531
7 63 0.467
107 63 0.679
66 63 0.332
5 63 0.791
40 63 0.189
53 63 0.388
2 63 0.708
46 63 0.169
77 63 0.409
105 63 0.395
85 63 0.466
37 63 0.566
28 63 0.566
38 63 0.552
14 63 0.388
119 63 0.15
68 63 0.615
76 63 0.238
36 63 0.403
15 63 0.571
109 63 0.358
8 63 0.358
19 63 0.209
90 63 0.171
61 63 0.261
31 63 0.249
110 63 0.151
54 63 0.208
12 63 0.556
47 63 0.9
64 63 0.744
18 63 0.671
17 63 0.207
92 63 0.157
73 63 0.3
69 63 0.909
65 63 0.924
75 63 0.361
6 63 0.292
41 63 0.171
48 63 0.218
49 63 0.478
74 100 0.176
98 100 0.931
1 100 0.292
99 100 0.709
115 100 0.274
55 100 0.206
84 100 0.355
89 100 0.23
123 100 0.341
97 100 0.948
3 100 0.27
81 100 0.416
56 100 0.304
26 100 0.378
94 100 0.32
51 100 0.173
30 100 0.218
106 100 0.171
122 100 0.177
101 100 0.641
71 100 0.156
118 100 0.294
95 100 0.305
20 100 0.494
102 100 0.551
90 100 0.174
113 100 0.322
74 2 0.401
59 2 0.687
98 2 0.19
79 2 0.178
117 2 0.155
39 2 0.2
21 2 0.467
25 2 0.397
80 2 0.151
70 2 0.463
115 2 0.217
86 2 0.375
67 2 0.31
116 2 0.151
124 2 0.299
43 2 0.58
10 2 0.45
84 2 0.272
58 2 0.645
114 2 0.533
4 2 0.749
89 2 0.157
57 2 0.153
123 2 0.15
103 2 0.899
111 2 0.727
13 2 0.457
97 2 0.252
63 2 0.708
27 2 0.695
9 2 0.552
16 2 0.611
29 2 0.576
22 2 0.297
3 2 0.761
42 2 0.217
81 2 0.157
56 2 0.218
26 2 0.622
94 2 0.385
51 2 0.518
96 2 0.274
60 2 0.505
108 2 0.465
34 2 0.465
30 2 0.695
104 2 0.316
106 2 0.387
24 2 0.273
72 2 0.29
71 2 0.522
118 2 0.15
95 2 0.288
20 2 0.376
7 2 0.809
107 2 0.52
66 2 0.371
5 2 0.945
53 2 0.343
46 2 0.574
77 2 0.27
105 2 0.594
85 2 0.931
37 2 0.867
28 2 0.867
38 2 0.796
14 2 0.889
68 2 0.173
76 2 0.329
36 2 0.616
15 2 0.602
109 2 0.296
8 2 0.505
19 2 0.163
62 2 0.627
32 2 0.176
31 2 0.23
110 2 0.173
12 2 0.953
47 2 0.598
64 2 0.157
17 2 0.218
92 2 0.292
73 2 0.468
91 2 0.384
69 2 0.298
65 2 0.386
75 2 0.343
6 2 0.885
41 2 0.174
35 2 0.151
48 2 0.838
49 2 0.257
74 16 0.53
59 16 0.7
99 16 0.394
21 16 0.463
25 16 0.356
70 16 0.366
86 16 0.162
67 16 0.299
43 16 0.63
10 16 0.531
4 16 0.988
123 16 0.151
103 16 0.761
111 16 0.753
13 16 0.23
97 16 0.157
63 16 0.586
27 16 0.839
9 16 0.611
29 16 0.329
22 16 0.242
3 16 0.912
81 16 0.174
56 16 0.15
26 16 0.171
94 16 0.513
51 16 0.193
96 16 0.615
60 16 0.32
108 16 0.176
34 16 0.176
30 16 0.62
104 16 0.691
106 16 0.257
122 16 0.206
24 16 0.352
72 16 0.578
71 16 0.963
95 16 0.174
20 16 0.65
7 16 0.58
107 16 0.298
66 16 0.446
5 16 0.794
53 16 0.151
2 16 0.611
46 16 0.168
77 16 0.311
105 16 0.291
85 16 0.596
37 16 0.787
28 16 0.787
38 16 0.479
14 16 0.546
76 16 0.505
36 16 0.984
15 16 0.989
8 16 0.919
19 16 0.273
61 16 0.167
31 16 0.615
110 16 0.422
12 16 0.559
47 16 0.576
92 16 0.559
73 16 0.887
91 16 0.407
69 16 0.263
65 16 0.286
75 16 0.762
6 16 0.326
41 16 0.151
35 16 0.152
48 16 0.386
49 16 0.505
50 16 0.23
74 15 0.626
59 15 0.723
79 15 0.151
39 15 0.152
21 15 0.388
25 15 0.218
70 15 0.186
86 15 0.151
67 15 0.272
43 15 0.775
10 15 0.348
114 15 0.171
4 15 0.979
123 15 0.185
103 15 0.883
111 15 0.893
13 15 0.452
97 15 0.176
63 15 0.571
27 15 0.669
9 15 0.626
16 15 0.989
29 15 0.299
3 15 0.848
81 15 0.216
56 15 0.195
94 15 0.258
51 15 0.236
96 15 0.15
60 15 0.313
108 15 0.152
34 15 0.152
30 15 0.457
104 15 0.476
106 15 0.274
24 15 0.154
72 15 0.531
71 15 0.87
20 15 0.491
7 15 0.834
107 15 0.272
66 15 0.413
5 15 0.643
53 15 0.176
2 15 0.602
77 15 0.382
105 15 0.203
85 15 0.749
37 15 0.876
28 15 0.876
38 15 0.757
14 15 0.33
76 15 0.479
36 15 0.993
8 15 0.976
31 15 0.388
110 15 0.358
12 15 0.478
47 15 0.51
92 15 0.356
73 15 0.853
91 15 0.218
69 15 0.164
65 15 0.208
75 15 0.606
6 15 0.414
48 15 0.46
49 15 0.529
74 36 0.604
59 36 0.668
79 36 0.157
21 36 0.318
25 36 0.271
70 36 0.21
67 36 0.213
43 36 0.668
10 36 0.377
4 36 0.981
123 36 0.206
103 36 0.761
111 36 0.832
13 36 0.258
97 36 0.202
63 36 0.403
27 36 0.674
9 36 0.594
16 36 0.984
29 36 0.388
22 36 0.165
3 36 0.841
81 36 0.194
56 36 0.215
26 36 0.175
94 36 0.273
51 36 0.151
60 36 0.342
108 36 0.215
34 36 0.215
30 36 0.489
104 36 0.53
106 36 0.295
122 36 0.211
24 36 0.152
72 36 0.557
71 36 0.909
118 36 0.217
20 36 0.432
7 36 0.72
107 36 0.293
66 36 0.47
5 36 0.507
53 36 0.201
2 36 0.616
77 36 0.372
105 36 0.397
85 36 0.586
37 36 0.853
28 36 0.853
38 36 0.592
14 36 0.274
76 36 0.477
15 36 0.993
8 36 0.972
19 36 0.176
62 36 0.332
31 36 0.546
110 36 0.33
12 36 0.57
47 36 0.637
64 36 0.177
92 36 0.312
73 36 0.909
69 36 0.157
65 36 0.178
75 36 0.734
6 36 0.261
48 36 0.272
49 36 0.595
50 36 0.239
74 14 0.258
59 14 0.359
39 14 0.234
21 14 0.655
70 14 0.195
43 14 0.239
58 14 0.209
114 14 0.156
4 14 0.489
103 14 0.697
111 14 0.26
13 14 0.458
63 14 0.388
27 14 0.465
9 14 0.189
16 14 0.546
29 14 0.272
22 14 0.294
3 14 0.388
42 14 0.357
94 14 0.195
51 14 0.195
60 14 0.188
108 14 0.176
34 14 0.176
30 14 0.314
104 14 0.23
106 14 0.208
71 14 0.26
20 14 0.154
7 14 0.599
107 14 0.273
5 14 0.854
53 14 0.151
2 14 0.889
46 14 0.153
105 14 0.21
85 14 0.84
37 14 0.636
28 14 0.636
38 14 0.667
68 14 0.158
36 14 0.274
15 14 0.33
8 14 0.341
19 14 0.299
44 14 0.258
12 14 0.887
47 14 0.385
17 14 0.154
92 14 0.171
73 14 0.21
69 14 0.212
65 14 0.355
75 14 0.259
6 14 0.735
41 14 0.271
48 14 0.844
74 124 0.448
59 124 0.172
120 124 0.274
98 124 0.202
39 124 0.195
115 124 0.393
86 124 0.53
45 124 0.605
116 124 0.208
84 124 0.152
4 124 0.211
89 124 0.17
123 124 0.175
103 124 0.15
13 124 0.298
63 124 0.188
29 124 0.386
22 124 0.173
3 124 0.177
26 124 0.388
94 124 0.262
51 124 0.218
96 124 0.151
60 124 0.191
108 124 0.371
34 124 0.371
30 124 0.216
71 124 0.188
20 124 0.324
102 124 0.257
7 124 0.153
107 124 0.33
53 124 0.326
2 124 0.299
77 124 0.328
109 124 0.208
113 124 0.284
12 124 0.151
74 55 0.388
100 55 0.206
98 55 0.183
1 55 0.961
88 55 0.388
39 55 0.162
25 55 0.422
70 55 0.263
115 55 0.317
86 55 0.265
116 55 0.378
10 55 0.224
84 55 0.513
58 55 0.426
4 55 0.193
89 55 0.494
57 55 0.901
97 55 0.152
27 55 0.273
121 55 0.208
9 55 0.272
29 55 0.209
22 55 0.323
3 55 0.231
26 55 0.729
94 55 0.45
51 55 0.225
96 55 0.522
60 55 0.422
108 55 0.577
34 55 0.577
30 55 0.796
104 55 0.279
106 55 0.199
122 55 0.237
24 55 0.65
71 55 0.591
118 55 0.683
95 55 0.525
20 55 0.653
102 55 0.299
5 55 0.273
53 55 0.98
52 55 0.298
90 55 0.518
61 55 0.274
54 55 0.819
12 55 0.353
17 55 0.273
74 21 0.649
59 21 0.27
39 21 0.594
70 21 0.328
86 21 0.217
67 21 0.505
43 21 0.175
10 21 0.273
84 21 0.271
58 21 0.33
114 21 0.208
4 21 0.684
103 21 0.237
111 21 0.23
13 21 0.903
63 21 0.526
27 21 0.294
9 21 0.189
16 21 0.463
29 21 0.21
22 21 0.789
3 21 0.858
42 21 0.907
26 21 0.271
94 21 0.23
51 21 0.216
96 21 0.151
60 21 0.207
108 21 0.192
34 21 0.192
30 21 0.451
106 21 0.352
24 21 0.405
71 21 0.42
20 21 0.395
7 21 0.217
107 21 0.164
5 21 0.579
40 21 0.409
53 21 0.15
2 21 0.467
46 21 0.19
77 21 0.261
105 21 0.168
85 21 0.258
37 21 0.213
28 21 0.213
14 21 0.655
68 21 0.155
76 21 0.163
36 21 0.318
15 21 0.388
109 21 0.208
8 21 0.34
19 21 0.651
31 21 0.154
44 21 0.351
12 21 0.395
47 21 0.17
18 21 0.209
73 21 0.637
69 21 0.259
65 21 0.153
75 21 0.284
41 21 0.77
35 21 0.155
48 21 0.155
49 21 0.31
74 13 0.359
59 13 0.38
120 13 0.178
98 13 0.207
39 13 0.732
21 13 0.903
25 13 0.219
70 13 0.35
115 13 0.474
86 13 0.6
67 13 0.561
116 13 0.258
124 13 0.298
43 13 0.154
10 13 0.374
84 13 0.505
58 13 0.69
114 13 0.409
4 13 0.583
89 13 0.21
57 13 0.3
103 13 0.394
111 13 0.219
63 13 0.661
27 13 0.38
9 13 0.572
16 13 0.23
29 13 0.293
22 13 0.884
3 13 0.553
42 13 0.888
26 13 0.341
94 13 0.343
51 13 0.358
96 13 0.341
60 13 0.274
108 13 0.272
34 13 0.272
30 13 0.451
104 13 0.273
106 13 0.334
24 13 0.532
72 13 0.243
71 13 0.417
20 13 0.487
102 13 0.172
7 13 0.272
107 13 0.399
66 13 0.197
5 13 0.343
40 13 0.435
53 13 0.198
2 13 0.457
46 13 0.153
77 13 0.461
105 13 0.916
85 13 0.209
37 13 0.257
28 13 0.257
38 13 0.313
14 13 0.458
68 13 0.295
76 13 0.216
36 13 0.258
15 13 0.452
109 13 0.218
8 13 0.274
19 13 0.743
90 13 0.151
113 13 0.316
61 13 0.173
44 13 0.563
12 13 0.341
47 13 0.356
73 13 0.152
69 13 0.358
65 13 0.393
75 13 0.171
6 13 0.155
41 13 0.755
48 13 0.152
49 13 0.209
74 31 0.276
59 31 0.378
98 31 0.193
99 31 0.421
88 31 0.282
21 31 0.154
25 31 0.173
93 31 0.206
86 31 0.588
67 31 0.164
43 31 0.246
4 31 0.911
57 31 0.154
103 31 0.403
111 31 0.55
97 31 0.699
63 31 0.249
27 31 0.657
9 31 0.671
16 31 0.615
29 31 0.472
22 31 0.262
3 31 0.389
26 31 0.157
94 31 0.306
51 31 0.15
96 31 0.15
60 31 0.21
30 31 0.593
104 31 0.328
106 31 0.37
24 31 0.362
72 31 0.91
101 31 0.173
71 31 0.924
95 31 0.206
20 31 0.363
7 31 0.238
107 31 0.423
66 31 0.417
5 31 0.261
2 31 0.23
46 31 0.562
77 31 0.783
85 31 0.23
37 31 0.259
28 31 0.259
38 31 0.469
76 31 0.907
36 31 0.546
15 31 0.388
8 31 0.342
12 31 0.641
47 31 0.353
92 31 0.744
73 31 0.386
75 31 0.73
49 31 0.552
74 49 0.203
59 49 0.351
21 49 0.31
70 49 0.154
67 49 0.178
43 49 0.154
4 49 0.732
103 49 0.282
111 49 0.33
13 49 0.209
63 49 0.478
16 49 0.505
3 49 0.48
108 49 0.292
34 49 0.292
30 49 0.151
72 49 0.595
71 49 0.405
118 49 0.357
20 49 0.44
7 49 0.257
66 49 0.406
5 49 0.218
2 49 0.257
105 49 0.153
85 49 0.274
37 49 0.272
28 49 0.272
38 49 0.19
76 49 0.625
36 49 0.595
15 49 0.529
8 49 0.502
31 49 0.552
44 49 0.178
110 49 0.21
18 49 0.178
92 49 0.533
73 49 0.384
69 49 0.177
75 49 0.373
6 49 0.175
74 8 0.453
59 8 0.655
79 8 0.154
21 8 0.34
25 8 0.333
70 8 0.15
67 8 0.209
43 8 0.786
10 8 0.178
4 8 0.89
103 8 0.669
111 8 0.806
13 8 0.274
63 8 0.358
27 8 0.447
9 8 0.461
16 8 0.919
29 8 0.299
3 8 0.747
81 8 0.184
56 8 0.151
26 8 0.234
94 8 0.214
51 8 0.151
60 8 0.272
108 8 0.15
34 8 0.15
30 8 0.473
104 8 0.3
106 8 0.291
72 8 0.508
71 8 0.761
20 8 0.369
7 8 0.661
107 8 0.274
66 8 0.598
5 8 0.458
53 8 0.151
2 8 0.505
77 8 0.23
105 8 0.172
85 8 0.573
37 8 0.732
28 8 0.732
38 8 0.65
14 8 0.341
76 8 0.656
36 8 0.972
15 8 0.976
31 8 0.342
110 8 0.175
12 8 0.326
47 8 0.468
92 8 0.342
73 8 0.763
65 8 0.218
75 8 0.597
6 8 0.234
35 8 0.217
48 8 0.31
49 8 0.502
74 75 0.77
59 75 0.38
1 75 0.154
21 75 0.284
25 75 0.299
70 75 0.151
86 75 0.463
43 75 0.235
4 75 0.934
103 75 0.411
111 75 0.324
13 75 0.171
97 75 0.172
63 75 0.361
27 75 0.657
9 75 0.387
16 75 0.762
29 75 0.525
