263 232 0.21
243 232 0.249
268 232 0.23800000000000002
265 232 0.17300000000000001
231 232 0.406
229 232 0.317
225 232 0.201
226 232 0.441
194 232 0.22899999999999998
217 232 0.18
202 232 0.16399999999999998
207 232 0.2
266 232 0.191
263 248 0.193
265 248 0.9740000000000001
225 248 0.32299999999999995
226 248 0.434
194 248 0.363
217 248 0.7170000000000001
202 248 0.187
266 248 0.19399999999999998
228 248 0.604
188 248 0.245
221 248 0.98
252 248 0.212
261 248 0.35100000000000003
253 248 0.632
251 248 0.45899999999999996
227 248 0.711
192 248 0.183
250 248 0.418
274 248 0.6829999999999999
178 248 0.457
216 248 0.7709999999999999
281 248 0.5579999999999999
195 248 0.649
273 248 0.528
258 248 0.324
256 248 0.648
270 248 0.785
267 248 0.31
193 248 0.402
234 248 0.311
220 248 0.325
222 248 0.305
223 248 0.311
262 248 0.665
212 248 0.5489999999999999
179 248 0.223
218 248 0.16699999999999998
186 248 0.184
184 248 0.154
205 248 0.183
219 248 0.225
211 248 0.38799999999999996
224 248 0.17300000000000001
210 248 0.287
198 248 0.263
259 248 0.33
230 248 0.345
233 248 0.158
237 248 0.19899999999999998
280 248 0.535
182 248 0.214
272 248 0.183
201 248 0.161
187 248 0.17800000000000002
235 248 0.302
181 248 0.153
236 248 0.392
269 248 0.40299999999999997
276 248 0.18100000000000002
213 248 0.281
264 248 0.25
254 248 0.159
242 248 0.503
240 248 0.555
199 248 0.441
245 248 0.185
275 248 0.439
239 248 0.151
185 248 0.192
238 248 0.15
255 248 0.424
260 248 0.21899999999999997
197 248 0.35600000000000004
180 248 0.153
196 248 0.23399999999999999
277 248 0.20800000000000002
271 248 0.295
263 193 0.606
226 193 0.308
221 193 0.168
267 193 0.8029999999999999
234 193 0.318
220 193 0.192
262 193 0.193
179 193 0.517
184 193 0.209
219 193 0.655
198 193 0.25
280 193 0.235
272 193 0.158
276 193 0.166
199 193 0.19
245 193 0.17800000000000002
197 193 0.355
180 193 0.461
248 193 0.402
263 220 0.494
265 220 0.228
225 220 0.174
226 220 0.17600000000000002
194 220 0.158
217 220 0.155
266 220 0.456
221 220 0.155
227 220 0.159
216 220 0.193
267 220 0.188
193 220 0.192
218 220 0.626
186 220 0.431
219 220 0.451
211 220 0.154
198 220 0.637
280 220 0.35200000000000004
182 220 0.45899999999999996
272 220 0.5489999999999999
187 220 0.168
276 220 0.20199999999999999
199 220 0.364
248 220 0.325
263 265 0.306
231 265 0.306
229 265 0.23800000000000002
225 265 0.46299999999999997
226 265 0.402
194 265 0.457
217 265 0.948
228 265 0.25
221 265 0.958
253 265 0.267
251 265 0.344
227 265 0.261
250 265 0.17300000000000001
274 265 0.33299999999999996
178 265 0.21600000000000003
216 265 0.5660000000000001
281 265 0.6809999999999999
195 265 0.757
273 265 0.57
256 265 0.3
234 265 0.207
220 265 0.228
222 265 0.267
223 265 0.268
262 265 0.523
212 265 0.529
179 265 0.215
218 265 0.198
184 265 0.171
211 265 0.18
198 265 0.317
259 265 0.40299999999999997
230 265 0.39399999999999996
237 265 0.32
280 265 0.325
272 265 0.182
235 265 0.159
236 265 0.245
269 265 0.502
276 265 0.757
213 265 0.266
264 265 0.18100000000000002
242 265 0.23800000000000002
240 265 0.5870000000000001
255 265 0.268
277 265 0.364
271 265 0.151
248 265 0.9740000000000001
214 265 0.184
278 265 0.198
232 265 0.17300000000000001
263 194 0.16899999999999998
265 194 0.457
231 194 0.26899999999999996
229 194 0.175
225 194 0.162
217 194 0.155
221 194 0.242
216 194 0.172
195 194 0.281
273 194 0.204
220 194 0.158
218 194 0.22
219 194 0.17
198 194 0.298
280 194 0.321
181 194 0.455
240 194 0.408
199 194 0.19399999999999998
185 194 0.188
248 194 0.363
214 194 0.318
232 194 0.22899999999999998
263 219 0.512
268 219 0.17800000000000002
229 219 0.161
225 219 0.204
226 219 0.336
194 219 0.17
217 219 0.161
202 219 0.49700000000000005
207 219 0.546
266 219 0.574
188 219 0.187
250 219 0.73
216 219 0.265
267 219 0.249
193 219 0.655
220 219 0.451
262 219 0.301
179 219 0.579
218 219 0.607
186 219 0.341
205 219 0.46399999999999997
211 219 0.26899999999999996
210 219 0.18100000000000002
198 219 0.64
280 219 0.23199999999999998
182 219 0.273
272 219 0.3
201 219 0.19399999999999998
187 219 0.251
181 219 0.17600000000000002
199 219 0.6409999999999999
245 219 0.17300000000000001
185 219 0.258
255 219 0.196
180 219 0.593
196 219 0.20199999999999999
271 219 0.341
248 219 0.225
183 219 0.314
209 219 0.235
208 219 0.435
204 219 0.19399999999999998
241 219 0.337
244 219 0.265
191 219 0.462
246 219 0.166
263 266 0.467
268 266 0.192
231 266 0.16899999999999998
225 266 0.235
226 266 0.195
217 266 0.152
202 266 0.519
207 266 0.501
188 266 0.461
270 266 0.301
267 266 0.414
220 266 0.456
222 266 0.183
218 266 0.644
186 266 0.759
205 266 0.295
219 266 0.574
211 266 0.245
210 266 0.19399999999999998
198 266 0.655
182 266 0.18100000000000002
272 266 0.68
201 266 0.209
187 266 0.223
199 266 0.5660000000000001
245 266 0.256
185 266 0.156
197 266 0.163
271 266 0.33299999999999996
248 266 0.19399999999999998
209 266 0.38299999999999995
203 266 0.239
232 266 0.191
208 266 0.47700000000000004
204 266 0.41700000000000004
241 266 0.344
244 266 0.27699999999999997
200 266 0.16899999999999998
191 266 0.168
189 266 0.271
263 199 0.54
225 199 0.196
226 199 0.187
194 199 0.19399999999999998
217 199 0.26
266 199 0.5660000000000001
216 199 0.235
267 199 0.19
193 199 0.19
220 199 0.364
179 199 0.764
218 199 0.643
186 199 0.732
219 199 0.6409999999999999
198 199 0.8340000000000001
259 199 0.158
230 199 0.158
280 199 0.23399999999999999
272 199 0.46799999999999997
187 199 0.20199999999999999
235 199 0.175
181 199 0.19699999999999998
236 199 0.22899999999999998
185 199 0.23800000000000002
180 199 0.72
271 199 0.64
248 199 0.441
214 199 0.168
247 199 0.218
200 199 0.156
263 186 0.257
243 186 0.306
268 186 0.363
225 186 0.23399999999999999
226 186 0.226
202 186 0.679
207 186 0.735
266 186 0.759
188 186 0.649
270 186 0.324
267 186 0.598
220 186 0.431
218 186 0.7909999999999999
205 186 0.603
219 186 0.341
211 186 0.185
210 186 0.20600000000000002
198 186 0.7490000000000001
280 186 0.35700000000000004
182 186 0.5670000000000001
272 186 0.797
201 186 0.423
187 186 0.414
199 186 0.732
245 186 0.359
255 186 0.157
271 186 0.295
248 186 0.184
209 186 0.353
203 186 0.174
190 186 0.151
208 186 0.597
204 186 0.41200000000000003
241 186 0.612
244 186 0.47700000000000004
200 186 0.205
191 186 0.426
189 186 0.4
263 198 0.7070000000000001
265 198 0.317
225 198 0.295
226 198 0.4
194 198 0.298
202 198 0.177
266 198 0.655
221 198 0.151
251 198 0.165
267 198 0.292
193 198 0.25
220 198 0.637
179 198 0.77
218 198 0.826
186 198 0.7490000000000001
184 198 0.22899999999999998
219 198 0.64
272 198 0.615
201 198 0.151
199 198 0.8340000000000001
197 198 0.17300000000000001
180 198 0.74
271 198 0.28800000000000003
248 198 0.263
209 198 0.188
246 198 0.28600000000000003
263 218 0.705
243 218 0.17600000000000002
265 218 0.198
229 218 0.29
226 218 0.218
194 218 0.22
217 218 0.195
202 218 0.27
207 218 0.303
266 218 0.644
188 218 0.188
270 218 0.168
267 218 0.24
220 218 0.626
186 218 0.7909999999999999
184 218 0.174
205 218 0.24
219 218 0.607
210 218 0.204
198 218 0.826
272 218 0.66
201 218 0.22399999999999998
199 218 0.643
180 218 0.233
271 218 0.158
248 218 0.16699999999999998
209 218 0.248
203 218 0.15
190 218 0.18899999999999997
208 218 0.184
204 218 0.254
244 218 0.221
200 218 0.21600000000000003
263 267 0.552
268 267 0.249
225 267 0.165
226 267 0.276
202 267 0.475
207 267 0.494
266 267 0.414
188 267 0.261
270 267 0.198
193 267 0.8029999999999999
234 267 0.318
220 267 0.188
262 267 0.22899999999999998
179 267 0.20800000000000002
218 267 0.24
186 267 0.598
205 267 0.33299999999999996
219 267 0.249
211 267 0.251
210 267 0.174
198 267 0.292
272 267 0.27699999999999997
201 267 0.382
187 267 0.151
199 267 0.19
245 267 0.151
255 267 0.177
248 267 0.31
209 267 0.376
203 267 0.233
208 267 0.445
204 267 0.249
241 267 0.446
244 267 0.317
263 272 0.523
268 272 0.242
265 272 0.182
226 272 0.17300000000000001
217 272 0.218
202 272 0.392
207 272 0.33399999999999996
266 272 0.68
188 272 0.21
270 272 0.195
267 272 0.27699999999999997
193 272 0.158
220 272 0.5489999999999999
218 272 0.66
186 272 0.797
205 272 0.45299999999999996
219 272 0.3
211 272 0.171
198 272 0.615
233 272 0.183
182 272 0.413
242 272 0.225
199 272 0.46799999999999997
245 272 0.22
255 272 0.163
248 272 0.183
203 272 0.201
208 272 0.27
204 272 0.249
241 272 0.349
244 272 0.245
263 231 0.17
265 231 0.306
229 231 0.47700000000000004
225 231 0.154
194 231 0.26899999999999996
217 231 0.23199999999999998
207 231 0.158
266 231 0.16899999999999998
188 231 0.40700000000000003
252 231 0.16699999999999998
270 231 0.152
184 231 0.248
211 231 0.166
182 231 0.455
187 231 0.326
275 231 0.152
271 231 0.39
232 231 0.406
208 231 0.26899999999999996
191 231 0.337
189 231 0.317
263 271 0.182
243 271 0.21600000000000003
265 271 0.151
231 271 0.39
225 271 0.52
226 271 0.284
217 271 0.217
202 271 0.203
266 271 0.33299999999999996
216 271 0.16399999999999998
179 271 0.222
218 271 0.158
186 271 0.295
219 271 0.341
198 271 0.28800000000000003
259 271 0.506
230 271 0.519
280 271 0.165
182 271 0.16399999999999998
235 271 0.24
181 271 0.17
236 271 0.233
242 271 0.16699999999999998
199 271 0.64
185 271 0.16399999999999998
238 271 0.155
248 271 0.295
209 271 0.192
247 271 0.27899999999999997
200 271 0.155
263 182 0.172
243 182 0.423
268 182 0.255
231 182 0.455
226 182 0.183
202 182 0.423
207 182 0.331
266 182 0.18100000000000002
188 182 0.815
251 182 0.613
270 182 0.5770000000000001
220 182 0.45899999999999996
222 182 0.409
223 182 0.373
186 182 0.5670000000000001
184 182 0.19899999999999998
205 182 0.285
219 182 0.273
211 182 0.226
224 182 0.18600000000000003
210 182 0.242
233 182 0.162
280 182 0.17300000000000001
272 182 0.413
235 182 0.242
181 182 0.192
236 182 0.217
276 182 0.307
242 182 0.39899999999999997
238 182 0.546
255 182 0.474
271 182 0.16399999999999998
248 182 0.214
214 182 0.222
209 182 0.45799999999999996
203 182 0.301
247 182 0.23199999999999998
204 182 0.309
241 182 0.509
244 182 0.6990000000000001
200 182 0.7390000000000001
191 182 0.325
263 184 0.222
243 184 0.289
265 184 0.171
231 184 0.248
225 184 0.207
217 184 0.195
202 184 0.322
207 184 0.157
188 184 0.9179999999999999
221 184 0.177
193 184 0.209
222 184 0.301
223 184 0.285
218 184 0.174
211 184 0.198
210 184 0.263
198 184 0.22899999999999998
233 184 0.409
182 184 0.19899999999999998
201 184 0.271
187 184 0.172
235 184 0.903
245 184 0.335
239 184 0.204
185 184 0.223
238 184 0.201
248 184 0.154
209 184 0.195
203 184 0.335
247 184 0.39899999999999997
204 184 0.171
241 184 0.28
244 184 0.294
191 184 0.179
189 184 0.19699999999999998
263 229 0.33299999999999996
268 229 0.168
265 229 0.23800000000000002
231 229 0.47700000000000004
225 229 0.16899999999999998
194 229 0.175
217 229 0.304
251 229 0.7120000000000001
270 229 0.177
218 229 0.29
219 229 0.161
259 229 0.161
255 229 0.153
232 229 0.317
263 195 0.153
265 195 0.757
225 195 0.235
194 195 0.281
217 195 0.321
228 195 0.16699999999999998
221 195 0.565
253 195 0.183
251 195 0.28600000000000003
227 195 0.163
274 195 0.603
178 195 0.40399999999999997
216 195 0.698
281 195 0.9420000000000001
273 195 0.529
234 195 0.17300000000000001
262 195 0.282
212 195 0.284
259 195 0.259
230 195 0.254
280 195 0.165
276 195 0.18100000000000002
213 195 0.152
264 195 0.374
254 195 0.161
240 195 0.633
185 195 0.15
255 195 0.17
248 195 0.649
209 195 0.188
243 276 0.203
265 276 0.757
217 276 0.23600000000000002
221 276 0.27399999999999997
227 276 0.18100000000000002
192 276 0.19899999999999998
216 276 0.154
281 276 0.228
195 276 0.18100000000000002
273 276 0.21100000000000002
258 276 0.166
193 276 0.166
234 276 0.198
220 276 0.20199999999999999
222 276 0.315
223 276 0.38
262 276 0.408
212 276 0.158
205 276 0.292
211 276 0.455
224 276 0.317
210 276 0.193
233 276 0.45
182 276 0.307
269 276 0.88
213 276 0.28
264 276 0.244
240 276 0.23600000000000002
275 276 0.21
238 276 0.209
255 276 0.153
277 276 0.996
248 276 0.18100000000000002
279 276 0.479
278 276 0.96
247 276 0.221
204 276 0.292
257 276 0.163
241 276 0.317
244 276 0.233
243 255 0.371
268 255 0.301
265 255 0.268
229 255 0.153
225 255 0.38299999999999995
217 255 0.515
202 255 0.249
207 255 0.248
188 255 0.605
221 255 0.342
250 255 0.16
274 255 0.233
178 255 0.159
216 255 0.287
195 255 0.17
270 255 0.392
267 255 0.177
222 255 0.687
223 255 0.628
262 255 0.33299999999999996
186 255 0.157
205 255 0.297
219 255 0.196
211 255 0.451
224 255 0.20600000000000002
210 255 0.344
259 255 0.243
230 255 0.309
280 255 0.335
182 255 0.474
272 255 0.163
201 255 0.192
187 255 0.39799999999999996
181 255 0.27399999999999997
269 255 0.183
276 255 0.153
242 255 0.927
240 255 0.316
185 255 0.221
238 255 0.473
197 255 0.324
196 255 0.268
248 255 0.424
214 255 0.193
183 255 0.244
209 255 0.192
203 255 0.228
190 255 0.271
208 255 0.29600000000000004
204 255 0.324
241 255 0.521
244 255 0.618
200 255 0.171
191 255 0.46
246 255 0.386
189 255 0.35100000000000003
243 268 0.174
229 268 0.168
225 268 0.174
202 268 0.935
207 268 0.86
266 268 0.192
228 268 0.218
188 268 0.242
267 268 0.249
186 268 0.363
205 268 0.907
219 268 0.17800000000000002
211 268 0.478
224 268 0.278
210 268 0.452
233 268 0.266
182 268 0.255
272 268 0.242
201 268 0.74
187 268 0.23800000000000002
245 268 0.7190000000000001
255 268 0.301
214 268 0.182
209 268 0.7340000000000001
203 268 0.765
232 268 0.23800000000000002
247 268 0.16699999999999998
208 268 0.623
204 268 0.83
241 268 0.217
200 268 0.821
191 268 0.217
189 268 0.24100000000000002
243 208 0.193
268 208 0.623
231 208 0.26899999999999996
225 208 0.39399999999999996
202 208 0.742
207 208 0.755
266 208 0.47700000000000004
188 208 0.593
270 208 0.23
267 208 0.445
223 208 0.18
218 208 0.184
186 208 0.597
205 208 0.606
219 208 0.435
211 208 0.275
224 208 0.21
210 208 0.534
233 208 0.18600000000000003
280 208 0.161
272 208 0.27
201 208 0.682
187 208 0.298
181 208 0.22899999999999998
245 208 0.612
255 208 0.29600000000000004
209 208 0.804
203 208 0.691
190 208 0.187
204 208 0.72
241 208 0.375
244 208 0.249
200 208 0.64
191 208 0.294
243 207 0.205
268 207 0.86
231 207 0.158
225 207 0.212
217 207 0.255
202 207 0.987
266 207 0.501
188 207 0.49
270 207 0.32799999999999996
267 207 0.494
218 207 0.303
186 207 0.735
184 207 0.157
205 207 0.929
219 207 0.546
211 207 0.44299999999999995
224 207 0.254
210 207 0.526
233 207 0.298
280 207 0.2
182 207 0.331
272 207 0.33399999999999996
201 207 0.779
187 207 0.327
181 207 0.184
245 207 0.733
238 207 0.156
255 207 0.248
209 207 0.8109999999999999
203 207 0.772
190 207 0.16
232 207 0.2
247 207 0.22899999999999998
208 207 0.755
204 207 0.909
241 207 0.484
244 207 0.32299999999999995
200 207 0.871
191 207 0.222
246 207 0.491
189 207 0.284
243 233 0.406
268 233 0.266
217 233 0.307
202 233 0.578
207 233 0.298
222 233 0.575
223 233 0.831
184 233 0.409
205 233 0.4
211 233 0.40700000000000003
224 233 0.823
210 233 0.282
280 233 0.295
182 233 0.162
272 233 0.183
201 233 0.212
236 233 0.252
276 233 0.45
242 233 0.183
245 233 0.271
239 233 0.184
238 233 0.478
248 233 0.158
209 233 0.325
203 233 0.239
247 233 0.505
208 233 0.18600000000000003
204 233 0.509
241 233 0.46799999999999997
244 233 0.319
200 233 0.565
189 233 0.17300000000000001
243 209 0.305
268 209 0.7340000000000001
225 209 0.166
226 209 0.222
202 209 0.953
207 209 0.8109999999999999
266 209 0.38299999999999995
228 209 0.251
188 209 0.514
195 209 0.188
270 209 0.215
267 209 0.376
223 209 0.282
212 209 0.20600000000000002
218 209 0.248
186 209 0.353
184 209 0.195
205 209 0.759
219 209 0.235
211 209 0.397
224 209 0.322
210 209 0.342
198 209 0.188
233 209 0.325
280 209 0.213
182 209 0.45799999999999996
201 209 0.9259999999999999
187 209 0.37200000000000005
245 209 0.909
238 209 0.19
255 209 0.192
271 209 0.192
214 209 0.2
203 209 0.93
247 209 0.165
208 209 0.804
204 209 0.835
241 209 0.28600000000000003
244 209 0.20800000000000002
200 209 0.915
191 209 0.212
243 200 0.212
268 200 0.821
202 200 0.917
207 200 0.871
266 200 0.16899999999999998
188 200 0.32
270 200 0.158
222 200 0.171
223 200 0.517
218 200 0.21600000000000003
186 200 0.205
205 200 0.805
211 200 0.618
224 200 0.45399999999999996
210 200 0.461
233 200 0.565
280 200 0.247
182 200 0.7390000000000001
201 200 0.91
187 200 0.29
181 200 0.321
199 200 0.156
245 200 0.912
238 200 0.264
255 200 0.171
271 200 0.155
214 200 0.192
209 200 0.915
203 200 0.9159999999999999
247 200 0.23
208 200 0.64
204 200 0.82
241 200 0.257
244 200 0.23600000000000002
243 203 0.23199999999999998
268 203 0.765
217 203 0.18100000000000002
202 203 0.9420000000000001
207 203 0.772
266 203 0.239
188 203 0.424
270 203 0.16
267 203 0.233
223 203 0.242
218 203 0.15
186 203 0.174
184 203 0.335
205 203 0.7240000000000001
211 203 0.34
224 203 0.26
210 203 0.41700000000000004
233 203 0.239
280 203 0.174
182 203 0.301
272 203 0.201
201 203 0.925
187 203 0.33
245 203 0.909
238 203 0.15
255 203 0.228
209 203 0.93
208 203 0.691
204 203 0.7929999999999999
241 203 0.29
244 203 0.23600000000000002
200 203 0.9159999999999999
191 203 0.215
189 203 0.161
243 204 0.198
268 204 0.83
225 204 0.23399999999999999
202 204 0.971
207 204 0.909
266 204 0.41700000000000004
188 204 0.5479999999999999
270 204 0.23
267 204 0.249
222 204 0.42700000000000005
223 204 0.28800000000000003
218 204 0.254
186 204 0.41200000000000003
184 204 0.171
205 204 0.851
219 204 0.19399999999999998
211 204 0.5429999999999999
224 204 0.419
210 204 0.575
259 204 0.162
233 204 0.509
182 204 0.309
272 204 0.249
201 204 0.763
187 204 0.242
181 204 0.179
236 204 0.321
276 204 0.292
245 204 0.727
238 204 0.18100000000000002
255 204 0.324
209 204 0.835
203 204 0.7929999999999999
208 204 0.72
241 204 0.369
244 204 0.223
200 204 0.82
191 204 0.222
189 204 0.312
243 211 0.43700000000000006
268 211 0.478
265 211 0.18
231 211 0.166
225 211 0.258
226 211 0.237
217 211 0.5589999999999999
202 211 0.439
207 211 0.44299999999999995
266 211 0.245
188 211 0.267
221 211 0.223
256 211 0.175
270 211 0.292
267 211 0.251
220 211 0.154
222 211 0.62
223 211 0.757
262 211 0.16
212 211 0.183
186 211 0.185
184 211 0.198
205 211 0.418
219 211 0.26899999999999996
210 211 0.44
259 211 0.256
230 211 0.218
233 211 0.40700000000000003
237 211 0.45299999999999996
280 211 0.591
182 211 0.226
272 211 0.171
201 211 0.292
187 211 0.188
181 211 0.209
236 211 0.159
276 211 0.455
242 211 0.495
245 211 0.297
185 211 0.21
238 211 0.532
255 211 0.451
248 211 0.38799999999999996
214 211 0.175
209 211 0.397
203 211 0.34
190 211 0.192
247 211 0.525
208 211 0.275
204 211 0.5429999999999999
241 211 0.517
244 211 0.435
200 211 0.618
191 211 0.247
246 211 0.158
189 211 0.207
243 224 0.32299999999999995
268 224 0.278
225 224 0.22399999999999998
217 224 0.32899999999999996
202 224 0.29600000000000004
207 224 0.254
188 224 0.171
222 224 0.56
223 224 0.665
205 224 0.335
210 224 0.46
259 224 0.16699999999999998
233 224 0.823
280 224 0.209
182 224 0.18600000000000003
201 224 0.193
187 224 0.171
181 224 0.16399999999999998
236 224 0.32799999999999996
276 224 0.317
245 224 0.304
185 224 0.23199999999999998
238 224 0.29600000000000004
255 224 0.20600000000000002
248 224 0.17300000000000001
214 224 0.16899999999999998
209 224 0.322
203 224 0.26
247 224 0.508
208 224 0.21
204 224 0.419
241 224 0.42
244 224 0.29
200 224 0.45399999999999996
191 224 0.162
189 224 0.19
243 223 0.203
265 223 0.268
225 223 0.23399999999999999
217 223 0.392
202 223 0.244
188 223 0.201
221 223 0.193
178 223 0.185
256 223 0.32799999999999996
222 223 0.88
262 223 0.28600000000000003
212 223 0.168
184 223 0.285
205 223 0.359
211 223 0.757
224 223 0.665
210 223 0.614
259 223 0.171
230 223 0.23199999999999998
233 223 0.831
280 223 0.47
182 223 0.373
181 223 0.536
269 223 0.221
276 223 0.38
213 223 0.8370000000000001
242 223 0.318
245 223 0.249
239 223 0.451
185 223 0.177
238 223 0.34299999999999997
255 223 0.628
277 223 0.18600000000000003
248 223 0.311
214 223 0.564
209 223 0.282
203 223 0.242
190 223 0.19899999999999998
247 223 0.519
208 223 0.18
204 223 0.28800000000000003
241 223 0.28
244 223 0.193
200 223 0.517
246 223 0.255
243 210 0.429
268 210 0.452
225 210 0.455
217 210 0.524
202 210 0.544
207 210 0.526
266 210 0.19399999999999998
188 210 0.429
221 210 0.18600000000000003
261 210 0.158
270 210 0.207
267 210 0.174
222 210 0.5660000000000001
223 210 0.614
218 210 0.204
186 210 0.20600000000000002
184 210 0.263
205 210 0.431
219 210 0.18100000000000002
211 210 0.44
224 210 0.46
259 210 0.159
230 210 0.258
233 210 0.282
280 210 0.752
182 210 0.242
201 210 0.428
187 210 0.221
235 210 0.228
181 210 0.19899999999999998
276 210 0.193
242 210 0.42200000000000004
245 210 0.322
185 210 0.29
238 210 0.41600000000000004
255 210 0.344
248 210 0.287
214 210 0.151
209 210 0.342
203 210 0.41700000000000004
247 210 0.39
208 210 0.534
204 210 0.575
241 210 0.495
244 210 0.43200000000000005
200 210 0.461
191 210 0.278
189 210 0.231
243 188 0.381
268 188 0.242
231 188 0.40700000000000003
225 188 0.295
226 188 0.312
202 188 0.5920000000000001
207 188 0.49
266 188 0.461
221 188 0.902
251 188 0.604
270 188 0.23
267 188 0.261
222 188 0.228
223 188 0.201
218 188 0.188
186 188 0.649
184 188 0.9179999999999999
205 188 0.195
219 188 0.187
211 188 0.267
224 188 0.171
210 188 0.429
259 188 0.183
230 188 0.16699999999999998
237 188 0.17600000000000002
280 188 0.272
182 188 0.815
272 188 0.21
201 188 0.32799999999999996
187 188 0.823
235 188 0.9059999999999999
181 188 0.175
236 188 0.177
242 188 0.5710000000000001
245 188 0.18600000000000003
238 188 0.45799999999999996
255 188 0.605
248 188 0.245
214 188 0.18
209 188 0.514
203 188 0.424
190 188 0.19
247 188 0.24
208 188 0.593
204 188 0.5479999999999999
241 188 0.604
244 188 0.551
200 188 0.32
191 188 0.184
246 188 0.159
189 188 0.812
243 187 0.39299999999999996
268 187 0.23800000000000002
231 187 0.326
226 187 0.252
202 187 0.33799999999999997
207 187 0.327
266 187 0.223
188 187 0.823
267 187 0.151
220 187 0.168
222 187 0.154
186 187 0.414
184 187 0.172
205 187 0.22699999999999998
219 187 0.251
211 187 0.188
224 187 0.171
210 187 0.221
237 187 0.266
201 187 0.242
235 187 0.183
181 187 0.183
236 187 0.324
264 187 0.231
242 187 0.45299999999999996
199 187 0.20199999999999999
245 187 0.297
238 187 0.467
255 187 0.39799999999999996
248 187 0.17800000000000002
209 187 0.37200000000000005
203 187 0.33
247 187 0.402
208 187 0.298
204 187 0.242
241 187 0.573
244 187 0.515
200 187 0.29
189 187 0.866
243 244 0.564
202 244 0.302
207 244 0.32299999999999995
266 244 0.27699999999999997
188 244 0.551
267 244 0.317
222 244 0.152
223 244 0.193
218 244 0.221
186 244 0.47700000000000004
184 244 0.294
205 244 0.19699999999999998
219 244 0.265
211 244 0.435
224 244 0.29
210 244 0.43200000000000005
233 244 0.319
182 244 0.6990000000000001
272 244 0.245
201 244 0.174
187 244 0.515
181 244 0.32899999999999996
276 244 0.233
242 244 0.384
238 244 0.937
255 244 0.618
214 244 0.255
209 244 0.20800000000000002
203 244 0.23600000000000002
208 244 0.249
204 244 0.223
241 244 0.941
200 244 0.23600000000000002
191 244 0.701
189 244 0.527
243 191 0.41200000000000003
268 191 0.217
231 191 0.337
225 191 0.17
226 191 0.188
217 191 0.155
202 191 0.19699999999999998
207 191 0.222
266 191 0.168
188 191 0.184
186 191 0.426
184 191 0.179
205 191 0.252
219 191 0.462
211 191 0.247
224 191 0.162
210 191 0.278
259 191 0.15
182 191 0.325
181 191 0.157
236 191 0.301
242 191 0.49700000000000005
245 191 0.209
238 191 0.498
255 191 0.46
214 191 0.171
209 191 0.212
203 191 0.215
190 191 0.23199999999999998
247 191 0.225
208 191 0.294
204 191 0.222
241 191 0.5760000000000001
244 191 0.701
243 241 0.614
268 241 0.217
225 241 0.217
202 241 0.373
207 241 0.484
266 241 0.344
188 241 0.604
178 241 0.154
270 241 0.172
267 241 0.446
222 241 0.201
223 241 0.28
186 241 0.612
184 241 0.28
205 241 0.32
219 241 0.337
211 241 0.517
224 241 0.42
210 241 0.495
233 241 0.46799999999999997
280 241 0.179
182 241 0.509
272 241 0.349
201 241 0.23
187 241 0.573
181 241 0.226
276 241 0.317
242 241 0.33299999999999996
245 241 0.19
238 241 0.9179999999999999
255 241 0.521
214 241 0.165
209 241 0.28600000000000003
203 241 0.29
247 241 0.162
208 241 0.375
204 241 0.369
244 241 0.941
200 241 0.257
191 241 0.5760000000000001
189 241 0.57
243 242 0.21899999999999997
265 242 0.23800000000000002
225 242 0.25
217 242 0.405
202 242 0.205
188 242 0.5710000000000001
221 242 0.28600000000000003
216 242 0.18
270 242 0.61
222 242 0.35700000000000004
223 242 0.318
262 242 0.551
205 242 0.157
211 242 0.495
210 242 0.42200000000000004
259 242 0.205
230 242 0.20199999999999999
233 242 0.183
280 242 0.37
182 242 0.39899999999999997
272 242 0.225
187 242 0.45299999999999996
181 242 0.16699999999999998
185 242 0.19399999999999998
238 242 0.405
255 242 0.927
271 242 0.16699999999999998
248 242 0.503
190 242 0.161
257 242 0.38299999999999995
241 242 0.33299999999999996
244 242 0.384
191 242 0.49700000000000005
189 242 0.408
243 181 0.223
225 181 0.171
194 181 0.455
217 181 0.28800000000000003
202 181 0.237
207 181 0.184
188 181 0.175
234 181 0.303
222 181 0.435
223 181 0.536
205 181 0.19899999999999998
219 181 0.17600000000000002
211 181 0.209
224 181 0.16399999999999998
210 181 0.19899999999999998
230 181 0.157
237 181 0.16
280 181 0.32299999999999995
182 181 0.192
187 181 0.183
235 181 0.168
236 181 0.157
269 181 0.662
242 181 0.16699999999999998
199 181 0.19699999999999998
245 181 0.23
185 181 0.239
238 181 0.16699999999999998
255 181 0.27399999999999997
271 181 0.17
248 181 0.153
214 181 0.29600000000000004
190 181 0.84
247 181 0.665
208 181 0.22899999999999998
204 181 0.179
241 181 0.226
244 181 0.32899999999999996
200 181 0.321
191 181 0.157
246 181 0.40299999999999997
189 181 0.187
243 214 0.245
268 214 0.182
265 214 0.184
225 214 0.156
194 214 0.318
217 214 0.196
188 214 0.18
221 214 0.156
222 214 0.382
223 214 0.564
205 214 0.174
211 214 0.175
224 214 0.16899999999999998
210 214 0.151
230 214 0.16699999999999998
280 214 0.364
182 214 0.222
181 214 0.29600000000000004
236 214 0.17800000000000002
269 214 0.508
199 214 0.168
185 214 0.231
238 214 0.222
255 214 0.193
209 214 0.2
190 214 0.195
247 214 0.838
241 214 0.165
244 214 0.255
200 214 0.192
191 214 0.171
246 214 0.187
243 189 0.46799999999999997
268 189 0.24100000000000002
231 189 0.317
226 189 0.168
202 189 0.17600000000000002
207 189 0.284
266 189 0.271
188 189 0.812
186 189 0.4
184 189 0.19699999999999998
205 189 0.159
211 189 0.207
224 189 0.19
210 189 0.231
233 189 0.17300000000000001
201 189 0.237
187 189 0.866
235 189 0.161
181 189 0.187
242 189 0.408
245 189 0.19699999999999998
238 189 0.461
255 189 0.35100000000000003
203 189 0.161
247 189 0.313
204 189 0.312
241 189 0.57
244 189 0.527
243 238 0.833
225 238 0.264
202 238 0.19699999999999998
207 238 0.156
188 238 0.45799999999999996
223 238 0.34299999999999997
184 238 0.201
211 238 0.532
224 238 0.29600000000000004
210 238 0.41600000000000004
233 238 0.478
280 238 0.19
182 238 0.546
187 238 0.467
181 238 0.16699999999999998
276 238 0.209
242 238 0.405
239 238 0.187
255 238 0.473
271 238 0.155
248 238 0.15
214 238 0.222
209 238 0.19
203 238 0.15
247 238 0.214
204 238 0.18100000000000002
241 238 0.9179999999999999
244 238 0.937
200 238 0.264
191 238 0.498
189 238 0.461
268 228 0.218
265 228 0.25
226 228 0.196
217 228 0.9259999999999999
221 228 0.47200000000000003
252 228 0.294
261 228 0.214
253 228 0.6859999999999999
251 228 0.919
227 228 0.555
192 228 0.34299999999999997
274 228 0.919
178 228 0.179
216 228 0.856
195 228 0.16699999999999998
256 228 0.237
280 228 0.174
264 228 0.606
254 228 0.606
248 228 0.604
209 228 0.251
268 201 0.74
225 201 0.161
202 201 0.9329999999999999
207 201 0.779
266 201 0.209
188 201 0.32799999999999996
270 201 0.192
267 201 0.382
218 201 0.22399999999999998
186 201 0.423
184 201 0.271
205 201 0.7659999999999999
219 201 0.19399999999999998
211 201 0.292
224 201 0.193
210 201 0.428
198 201 0.151
233 201 0.212
187 201 0.242
245 201 0.937
255 201 0.192
248 201 0.161
209 201 0.9259999999999999
203 201 0.925
208 201 0.682
204 201 0.763
241 201 0.23
244 201 0.174
200 201 0.91
189 201 0.237
268 245 0.7190000000000001
202 245 0.925
207 245 0.733
266 245 0.256
188 245 0.18600000000000003
270 245 0.156
267 245 0.151
193 245 0.17800000000000002
223 245 0.249
186 245 0.359
184 245 0.335
205 245 0.725
219 245 0.17300000000000001
211 245 0.297
224 245 0.304
210 245 0.322
233 245 0.271
272 245 0.22
201 245 0.937
187 245 0.297
181 245 0.23
248 245 0.185
209 245 0.909
203 245 0.909
208 245 0.612
204 245 0.727
241 245 0.19
200 245 0.912
191 245 0.209
189 245 0.19699999999999998
268 225 0.174
265 225 0.46299999999999997
231 225 0.154
229 225 0.16899999999999998
226 225 0.28600000000000003
194 225 0.162
217 225 0.43200000000000005
202 225 0.172
207 225 0.212
266 225 0.235
188 225 0.295
221 225 0.282
251 225 0.153
274 225 0.309
216 225 0.33799999999999997
195 225 0.235
270 225 0.193
267 225 0.165
220 225 0.174
222 225 0.423
223 225 0.23399999999999999
262 225 0.161
186 225 0.23399999999999999
184 225 0.207
219 225 0.204
211 225 0.258
224 225 0.22399999999999998
210 225 0.455
198 225 0.295
259 225 0.85
230 225 0.44799999999999995
237 225 0.159
280 225 0.282
201 225 0.161
235 225 0.158
181 225 0.171
236 225 0.203
254 225 0.474
242 225 0.25
240 225 0.253
199 225 0.196
185 225 0.187
238 225 0.264
255 225 0.38299999999999995
271 225 0.52
248 225 0.32299999999999995
214 225 0.156
209 225 0.166
232 225 0.201
208 225 0.39399999999999996
204 225 0.23399999999999999
241 225 0.217
191 225 0.17
268 205 0.907
217 205 0.17300000000000001
202 205 0.991
207 205 0.929
266 205 0.295
188 205 0.195
267 205 0.33299999999999996
222 205 0.175
223 205 0.359
218 205 0.24
186 205 0.603
219 205 0.46399999999999997
211 205 0.418
224 205 0.335
210 205 0.431
259 205 0.201
233 205 0.4
280 205 0.165
182 205 0.285
272 205 0.45299999999999996
201 205 0.7659999999999999
187 205 0.22699999999999998
181 205 0.19899999999999998
276 205 0.292
242 205 0.157
245 205 0.725
255 205 0.297
248 205 0.183
214 205 0.174
209 205 0.759
203 205 0.7240000000000001
208 205 0.606
204 205 0.851
241 205 0.32
244 205 0.19699999999999998
200 205 0.805
191 205 0.252
189 205 0.159
268 202 0.935
225 202 0.172
217 202 0.214
207 202 0.987
266 202 0.519
188 202 0.5920000000000001
270 202 0.25
267 202 0.475
222 202 0.17600000000000002
223 202 0.244
218 202 0.27
186 202 0.679
184 202 0.322
205 202 0.991
219 202 0.49700000000000005
211 202 0.439
224 202 0.29600000000000004
210 202 0.544
198 202 0.177
233 202 0.578
280 202 0.215
182 202 0.423
272 202 0.392
201 202 0.9329999999999999
187 202 0.33799999999999997
181 202 0.237
242 202 0.205
245 202 0.925
238 202 0.19699999999999998
255 202 0.249
271 202 0.203
248 202 0.187
209 202 0.953
203 202 0.9420000000000001
232 202 0.16399999999999998
247 202 0.19699999999999998
208 202 0.742
204 202 0.971
241 202 0.373
244 202 0.302
200 202 0.917
191 202 0.19699999999999998
189 202 0.17600000000000002
268 243 0.174
207 243 0.205
188 243 0.381
223 243 0.203
218 243 0.17600000000000002
186 243 0.306
184 243 0.289
211 243 0.43700000000000006
224 243 0.32299999999999995
210 243 0.429
233 243 0.406
182 243 0.423
187 243 0.39299999999999996
181 243 0.223
276 243 0.203
242 243 0.21899999999999997
238 243 0.833
255 243 0.371
271 243 0.21600000000000003
214 243 0.245
209 243 0.305
203 243 0.23199999999999998
232 243 0.249
208 243 0.193
204 243 0.198
241 243 0.614
244 243 0.564
200 243 0.212
191 243 0.41200000000000003
189 243 0.46799999999999997
268 247 0.16699999999999998
202 247 0.19699999999999998
207 247 0.22899999999999998
188 247 0.24
222 247 0.42200000000000004
223 247 0.519
184 247 0.39899999999999997
211 247 0.525
224 247 0.508
210 247 0.39
233 247 0.505
280 247 0.292
182 247 0.23199999999999998
187 247 0.402
181 247 0.665
276 247 0.221
199 247 0.218
239 247 0.155
185 247 0.295
238 247 0.214
271 247 0.27899999999999997
214 247 0.838
209 247 0.165
190 247 0.441
241 247 0.162
200 247 0.23
191 247 0.225
246 247 0.34700000000000003
189 247 0.313
265 251 0.344
229 251 0.7120000000000001
225 251 0.153
226 251 0.29100000000000004
217 251 0.312
228 251 0.919
188 251 0.604
221 251 0.39799999999999996
252 251 0.268
261 251 0.268
253 251 0.77
227 251 0.483
192 251 0.297
274 251 0.297
216 251 0.43700000000000006
281 251 0.17
195 251 0.28600000000000003
256 251 0.237
198 251 0.165
259 251 0.205
230 251 0.203
280 251 0.233
182 251 0.613
264 251 0.168
240 251 0.27699999999999997
248 251 0.45899999999999996
265 269 0.502
221 269 0.245
252 269 0.172
227 269 0.304
192 269 0.485
250 269 0.156
274 269 0.261
256 269 0.18600000000000003
222 269 0.154
223 269 0.221
262 269 0.177
212 269 0.304
259 269 0.154
181 269 0.662
276 269 0.88
213 269 0.155
255 269 0.183
197 269 0.162
277 269 0.977
248 269 0.40299999999999997
214 269 0.508
279 269 0.462
278 269 0.703
190 269 0.165
265 227 0.261
226 227 0.16399999999999998
217 227 0.682
228 227 0.555
221 227 0.583
252 227 0.187
261 227 0.196
251 227 0.483
192 227 0.9279999999999999
274 227 0.32299999999999995
178 227 0.15
216 227 0.285
195 227 0.163
256 227 0.6729999999999999
220 227 0.159
262 227 0.285
259 227 0.19
269 227 0.304
276 227 0.18100000000000002
275 227 0.183
260 227 0.5770000000000001
277 227 0.242
248 227 0.711
278 227 0.322
190 227 0.27
265 221 0.958
225 221 0.282
226 221 0.37200000000000005
194 221 0.242
217 221 0.998
228 221 0.47200000000000003
188 221 0.902
252 221 0.161
261 221 0.28600000000000003
253 221 0.345
251 221 0.39799999999999996
227 221 0.583
250 221 0.209
274 221 0.9690000000000001
178 221 0.502
216 221 0.716
281 221 0.36700000000000005
195 221 0.565
273 221 0.41200000000000003
256 221 0.867
270 221 0.261
193 221 0.168
234 221 0.16399999999999998
220 221 0.155
222 221 0.24100000000000002
223 221 0.193
262 221 0.439
212 221 0.32299999999999995
184 221 0.177
211 221 0.223
210 221 0.18600000000000003
198 221 0.151
259 221 0.28600000000000003
230 221 0.278
237 221 0.158
280 221 0.392
235 221 0.183
236 221 0.204
269 221 0.245
276 221 0.27399999999999997
242 221 0.28600000000000003
240 221 0.45799999999999996
275 221 0.243
255 221 0.342
260 221 0.21100000000000002
197 221 0.467
248 221 0.98
214 221 0.156
265 256 0.3
217 256 0.762
228 256 0.237
221 256 0.867
251 256 0.237
227 256 0.6729999999999999
192 256 0.272
250 256 0.204
274 256 0.28600000000000003
216 256 0.264
273 256 0.156
222 256 0.325
223 256 0.32799999999999996
262 256 0.254
212 256 0.174
211 256 0.175
280 256 0.218
269 256 0.18600000000000003
248 256 0.648
265 277 0.364
227 277 0.242
258 277 0.23199999999999998
223 277 0.18600000000000003
269 277 0.977
276 277 0.996
213 277 0.254
240 277 0.151
248 277 0.20800000000000002
279 277 0.457
278 277 0.992
257 277 0.23199999999999998
265 217 0.948
231 217 0.23199999999999998
229 217 0.304
225 217 0.43200000000000005
226 217 0.47100000000000003
194 217 0.155
202 217 0.214
207 217 0.255
266 217 0.152
228 217 0.9259999999999999
221 217 0.998
261 217 0.9129999999999999
253 217 0.261
251 217 0.312
227 217 0.682
250 217 0.20199999999999999
274 217 0.504
178 217 0.171
216 217 0.58
281 217 0.166
195 217 0.321
273 217 0.165
256 217 0.762
270 217 0.434
220 217 0.155
222 217 0.309
223 217 0.392
262 217 0.47700000000000004
212 217 0.235
218 217 0.195
184 217 0.195
205 217 0.17300000000000001
219 217 0.161
211 217 0.5589999999999999
224 217 0.32899999999999996
210 217 0.524
259 217 0.44
230 217 0.435
233 217 0.307
237 217 0.266
280 217 0.605
272 217 0.218
235 217 0.35200000000000004
181 217 0.28800000000000003
236 217 0.38
276 217 0.23600000000000002
242 217 0.405
240 217 0.218
199 217 0.26
275 217 0.15
239 217 0.275
185 217 0.165
255 217 0.515
260 217 0.34
271 217 0.217
248 217 0.7170000000000001
214 217 0.196
183 217 0.285
203 217 0.18100000000000002
232 217 0.18
191 217 0.155
246 217 0.166
265 179 0.215
226 179 0.188
178 179 0.184
267 179 0.20800000000000002
193 179 0.517
219 179 0.579
198 179 0.77
280 179 0.165
199 179 0.764
197 179 0.166
180 179 0.996
271 179 0.222
248 179 0.223
265 280 0.325
225 280 0.282
226 280 0.16
194 280 0.321
217 280 0.605
202 280 0.215
207 280 0.2
228 280 0.174
188 280 0.272
221 280 0.392
251 280 0.233
274 280 0.506
216 280 0.39399999999999996
195 280 0.165
273 280 0.16399999999999998
256 280 0.218
270 280 0.2
193 280 0.235
234 280 0.6809999999999999
220 280 0.35200000000000004
222 280 0.266
223 280 0.47
212 280 0.284
179 280 0.165
186 280 0.35700000000000004
205 280 0.165
219 280 0.23199999999999998
211 280 0.591
224 280 0.209
210 280 0.752
259 280 0.337
230 280 0.228
233 280 0.295
237 280 0.602
182 280 0.17300000000000001
235 280 0.32299999999999995
181 280 0.32299999999999995
236 280 0.297
242 280 0.37
240 280 0.315
199 280 0.23399999999999999
239 280 0.195
185 280 0.293
238 280 0.19
255 280 0.335
271 280 0.165
248 280 0.535
214 280 0.364
183 280 0.191
209 280 0.213
203 280 0.174
190 280 0.655
247 280 0.292
208 280 0.161
241 280 0.179
200 280 0.247
246 280 0.325
265 235 0.159
225 235 0.158
217 235 0.35200000000000004
188 235 0.9059999999999999
221 235 0.183
274 235 0.203
216 235 0.193
184 235 0.903
210 235 0.228
237 235 0.28600000000000003
280 235 0.32299999999999995
182 235 0.242
187 235 0.183
181 235 0.168
236 235 0.384
199 235 0.175
185 235 0.188
271 235 0.24
248 235 0.302
189 235 0.161
265 236 0.245
225 236 0.203
226 236 0.177
217 236 0.38
188 236 0.177
221 236 0.204
274 236 0.235
178 236 0.19699999999999998
216 236 0.276
211 236 0.159
224 236 0.32799999999999996
259 236 0.155
233 236 0.252
237 236 0.266
280 236 0.297
182 236 0.217
187 236 0.324
235 236 0.384
181 236 0.157
240 236 0.223
199 236 0.22899999999999998
271 236 0.233
248 236 0.392
214 236 0.17800000000000002
204 236 0.321
191 236 0.301
265 262 0.523
225 262 0.161
226 262 0.257
217 262 0.47700000000000004
221 262 0.439
261 262 0.87
227 262 0.285
250 262 0.207
274 262 0.23199999999999998
178 262 0.23
216 262 0.655
281 262 0.444
195 262 0.282
273 262 0.165
258 262 0.187
256 262 0.254
270 262 0.348
267 262 0.22899999999999998
193 262 0.193
234 262 0.228
