210 179 0.21
190 179 0.249
215 179 0.23800000000000002
212 179 0.17300000000000001
178 179 0.406
176 179 0.317
172 179 0.201
173 179 0.441
141 179 0.22899999999999998
164 179 0.18
149 179 0.16399999999999998
154 179 0.2
213 179 0.191
210 195 0.193
212 195 0.9740000000000001
172 195 0.32299999999999995
173 195 0.434
141 195 0.363
164 195 0.7170000000000001
149 195 0.187
213 195 0.19399999999999998
175 195 0.604
135 195 0.245
168 195 0.98
199 195 0.212
208 195 0.35100000000000003
200 195 0.632
198 195 0.45899999999999996
174 195 0.711
139 195 0.183
197 195 0.418
221 195 0.6829999999999999
125 195 0.457
163 195 0.7709999999999999
228 195 0.5579999999999999
142 195 0.649
220 195 0.528
205 195 0.324
203 195 0.648
217 195 0.785
214 195 0.31
140 195 0.402
181 195 0.311
167 195 0.325
169 195 0.305
170 195 0.311
209 195 0.665
159 195 0.5489999999999999
126 195 0.223
165 195 0.16699999999999998
133 195 0.184
131 195 0.154
152 195 0.183
166 195 0.225
158 195 0.38799999999999996
171 195 0.17300000000000001
157 195 0.287
145 195 0.263
206 195 0.33
177 195 0.345
180 195 0.158
184 195 0.19899999999999998
227 195 0.535
129 195 0.214
219 195 0.183
148 195 0.161
134 195 0.17800000000000002
182 195 0.302
128 195 0.153
183 195 0.392
216 195 0.40299999999999997
223 195 0.18100000000000002
160 195 0.281
211 195 0.25
201 195 0.159
189 195 0.503
187 195 0.555
146 195 0.441
192 195 0.185
222 195 0.439
186 195 0.151
132 195 0.192
185 195 0.15
202 195 0.424
207 195 0.21899999999999997
144 195 0.35600000000000004
127 195 0.153
143 195 0.23399999999999999
224 195 0.20800000000000002
218 195 0.295
210 140 0.606
173 140 0.308
168 140 0.168
214 140 0.8029999999999999
181 140 0.318
167 140 0.192
209 140 0.193
126 140 0.517
131 140 0.209
166 140 0.655
145 140 0.25
227 140 0.235
219 140 0.158
223 140 0.166
146 140 0.19
192 140 0.17800000000000002
144 140 0.355
127 140 0.461
195 140 0.402
210 167 0.494
212 167 0.228
172 167 0.174
173 167 0.17600000000000002
141 167 0.158
164 167 0.155
213 167 0.456
168 167 0.155
174 167 0.159
163 167 0.193
214 167 0.188
140 167 0.192
165 167 0.626
133 167 0.431
166 167 0.451
158 167 0.154
145 167 0.637
227 167 0.35200000000000004
129 167 0.45899999999999996
219 167 0.5489999999999999
134 167 0.168
223 167 0.20199999999999999
146 167 0.364
195 167 0.325
210 212 0.306
178 212 0.306
176 212 0.23800000000000002
172 212 0.46299999999999997
173 212 0.402
141 212 0.457
164 212 0.948
175 212 0.25
168 212 0.958
200 212 0.267
198 212 0.344
174 212 0.261
197 212 0.17300000000000001
221 212 0.33299999999999996
125 212 0.21600000000000003
163 212 0.5660000000000001
228 212 0.6809999999999999
142 212 0.757
220 212 0.57
203 212 0.3
181 212 0.207
167 212 0.228
169 212 0.267
170 212 0.268
209 212 0.523
159 212 0.529
126 212 0.215
165 212 0.198
131 212 0.171
158 212 0.18
145 212 0.317
206 212 0.40299999999999997
177 212 0.39399999999999996
184 212 0.32
227 212 0.325
219 212 0.182
182 212 0.159
183 212 0.245
216 212 0.502
223 212 0.757
160 212 0.266
211 212 0.18100000000000002
189 212 0.23800000000000002
187 212 0.5870000000000001
202 212 0.268
224 212 0.364
218 212 0.151
195 212 0.9740000000000001
161 212 0.184
225 212 0.198
179 212 0.17300000000000001
210 141 0.16899999999999998
212 141 0.457
178 141 0.26899999999999996
176 141 0.175
172 141 0.162
164 141 0.155
168 141 0.242
163 141 0.172
142 141 0.281
220 141 0.204
167 141 0.158
165 141 0.22
166 141 0.17
145 141 0.298
227 141 0.321
128 141 0.455
187 141 0.408
146 141 0.19399999999999998
132 141 0.188
195 141 0.363
161 141 0.318
179 141 0.22899999999999998
210 166 0.512
215 166 0.17800000000000002
176 166 0.161
172 166 0.204
173 166 0.336
141 166 0.17
164 166 0.161
149 166 0.49700000000000005
154 166 0.546
213 166 0.574
135 166 0.187
197 166 0.73
163 166 0.265
214 166 0.249
140 166 0.655
167 166 0.451
209 166 0.301
126 166 0.579
165 166 0.607
133 166 0.341
152 166 0.46399999999999997
158 166 0.26899999999999996
157 166 0.18100000000000002
145 166 0.64
227 166 0.23199999999999998
129 166 0.273
219 166 0.3
148 166 0.19399999999999998
134 166 0.251
128 166 0.17600000000000002
146 166 0.6409999999999999
192 166 0.17300000000000001
132 166 0.258
202 166 0.196
127 166 0.593
143 166 0.20199999999999999
218 166 0.341
195 166 0.225
130 166 0.314
156 166 0.235
155 166 0.435
151 166 0.19399999999999998
188 166 0.337
191 166 0.265
138 166 0.462
193 166 0.166
210 213 0.467
215 213 0.192
178 213 0.16899999999999998
172 213 0.235
173 213 0.195
164 213 0.152
149 213 0.519
154 213 0.501
135 213 0.461
217 213 0.301
214 213 0.414
167 213 0.456
169 213 0.183
165 213 0.644
133 213 0.759
152 213 0.295
166 213 0.574
158 213 0.245
157 213 0.19399999999999998
145 213 0.655
129 213 0.18100000000000002
219 213 0.68
148 213 0.209
134 213 0.223
146 213 0.5660000000000001
192 213 0.256
132 213 0.156
144 213 0.163
218 213 0.33299999999999996
195 213 0.19399999999999998
156 213 0.38299999999999995
150 213 0.239
179 213 0.191
155 213 0.47700000000000004
151 213 0.41700000000000004
188 213 0.344
191 213 0.27699999999999997
147 213 0.16899999999999998
138 213 0.168
136 213 0.271
210 146 0.54
172 146 0.196
173 146 0.187
141 146 0.19399999999999998
164 146 0.26
213 146 0.5660000000000001
163 146 0.235
214 146 0.19
140 146 0.19
167 146 0.364
126 146 0.764
165 146 0.643
133 146 0.732
166 146 0.6409999999999999
145 146 0.8340000000000001
206 146 0.158
177 146 0.158
227 146 0.23399999999999999
219 146 0.46799999999999997
134 146 0.20199999999999999
182 146 0.175
128 146 0.19699999999999998
183 146 0.22899999999999998
132 146 0.23800000000000002
127 146 0.72
218 146 0.64
195 146 0.441
161 146 0.168
194 146 0.218
147 146 0.156
210 133 0.257
190 133 0.306
215 133 0.363
172 133 0.23399999999999999
173 133 0.226
149 133 0.679
154 133 0.735
213 133 0.759
135 133 0.649
217 133 0.324
214 133 0.598
167 133 0.431
165 133 0.7909999999999999
152 133 0.603
166 133 0.341
158 133 0.185
157 133 0.20600000000000002
145 133 0.7490000000000001
227 133 0.35700000000000004
129 133 0.5670000000000001
219 133 0.797
148 133 0.423
134 133 0.414
146 133 0.732
192 133 0.359
202 133 0.157
218 133 0.295
195 133 0.184
156 133 0.353
150 133 0.174
137 133 0.151
155 133 0.597
151 133 0.41200000000000003
188 133 0.612
191 133 0.47700000000000004
147 133 0.205
138 133 0.426
136 133 0.4
210 145 0.7070000000000001
212 145 0.317
172 145 0.295
173 145 0.4
141 145 0.298
149 145 0.177
213 145 0.655
168 145 0.151
198 145 0.165
214 145 0.292
140 145 0.25
167 145 0.637
126 145 0.77
165 145 0.826
133 145 0.7490000000000001
131 145 0.22899999999999998
166 145 0.64
219 145 0.615
148 145 0.151
146 145 0.8340000000000001
144 145 0.17300000000000001
127 145 0.74
218 145 0.28800000000000003
195 145 0.263
156 145 0.188
193 145 0.28600000000000003
210 165 0.705
190 165 0.17600000000000002
212 165 0.198
176 165 0.29
173 165 0.218
141 165 0.22
164 165 0.195
149 165 0.27
154 165 0.303
213 165 0.644
135 165 0.188
217 165 0.168
214 165 0.24
167 165 0.626
133 165 0.7909999999999999
131 165 0.174
152 165 0.24
166 165 0.607
157 165 0.204
145 165 0.826
219 165 0.66
148 165 0.22399999999999998
146 165 0.643
127 165 0.233
218 165 0.158
195 165 0.16699999999999998
156 165 0.248
150 165 0.15
137 165 0.18899999999999997
155 165 0.184
151 165 0.254
191 165 0.221
147 165 0.21600000000000003
210 214 0.552
215 214 0.249
172 214 0.165
173 214 0.276
149 214 0.475
154 214 0.494
213 214 0.414
135 214 0.261
217 214 0.198
140 214 0.8029999999999999
181 214 0.318
167 214 0.188
209 214 0.22899999999999998
126 214 0.20800000000000002
165 214 0.24
133 214 0.598
152 214 0.33299999999999996
166 214 0.249
158 214 0.251
157 214 0.174
145 214 0.292
219 214 0.27699999999999997
148 214 0.382
134 214 0.151
146 214 0.19
192 214 0.151
202 214 0.177
195 214 0.31
156 214 0.376
150 214 0.233
155 214 0.445
151 214 0.249
188 214 0.446
191 214 0.317
210 219 0.523
215 219 0.242
212 219 0.182
173 219 0.17300000000000001
164 219 0.218
149 219 0.392
154 219 0.33399999999999996
213 219 0.68
135 219 0.21
217 219 0.195
214 219 0.27699999999999997
140 219 0.158
167 219 0.5489999999999999
165 219 0.66
133 219 0.797
152 219 0.45299999999999996
166 219 0.3
158 219 0.171
145 219 0.615
180 219 0.183
129 219 0.413
189 219 0.225
146 219 0.46799999999999997
192 219 0.22
202 219 0.163
195 219 0.183
150 219 0.201
155 219 0.27
151 219 0.249
188 219 0.349
191 219 0.245
210 178 0.17
212 178 0.306
176 178 0.47700000000000004
172 178 0.154
141 178 0.26899999999999996
164 178 0.23199999999999998
154 178 0.158
213 178 0.16899999999999998
135 178 0.40700000000000003
199 178 0.16699999999999998
217 178 0.152
131 178 0.248
158 178 0.166
129 178 0.455
134 178 0.326
222 178 0.152
218 178 0.39
179 178 0.406
155 178 0.26899999999999996
138 178 0.337
136 178 0.317
210 218 0.182
190 218 0.21600000000000003
212 218 0.151
178 218 0.39
172 218 0.52
173 218 0.284
164 218 0.217
149 218 0.203
213 218 0.33299999999999996
163 218 0.16399999999999998
126 218 0.222
165 218 0.158
133 218 0.295
166 218 0.341
145 218 0.28800000000000003
206 218 0.506
177 218 0.519
227 218 0.165
129 218 0.16399999999999998
182 218 0.24
128 218 0.17
183 218 0.233
189 218 0.16699999999999998
146 218 0.64
132 218 0.16399999999999998
185 218 0.155
195 218 0.295
156 218 0.192
194 218 0.27899999999999997
147 218 0.155
210 129 0.172
190 129 0.423
215 129 0.255
178 129 0.455
173 129 0.183
149 129 0.423
154 129 0.331
213 129 0.18100000000000002
135 129 0.815
198 129 0.613
217 129 0.5770000000000001
167 129 0.45899999999999996
169 129 0.409
170 129 0.373
133 129 0.5670000000000001
131 129 0.19899999999999998
152 129 0.285
166 129 0.273
158 129 0.226
171 129 0.18600000000000003
157 129 0.242
180 129 0.162
227 129 0.17300000000000001
219 129 0.413
182 129 0.242
128 129 0.192
183 129 0.217
223 129 0.307
189 129 0.39899999999999997
185 129 0.546
202 129 0.474
218 129 0.16399999999999998
195 129 0.214
161 129 0.222
156 129 0.45799999999999996
150 129 0.301
194 129 0.23199999999999998
151 129 0.309
188 129 0.509
191 129 0.6990000000000001
147 129 0.7390000000000001
138 129 0.325
210 131 0.222
190 131 0.289
212 131 0.171
178 131 0.248
172 131 0.207
164 131 0.195
149 131 0.322
154 131 0.157
135 131 0.9179999999999999
168 131 0.177
140 131 0.209
169 131 0.301
170 131 0.285
165 131 0.174
158 131 0.198
157 131 0.263
145 131 0.22899999999999998
180 131 0.409
129 131 0.19899999999999998
148 131 0.271
134 131 0.172
182 131 0.903
192 131 0.335
186 131 0.204
132 131 0.223
185 131 0.201
195 131 0.154
156 131 0.195
150 131 0.335
194 131 0.39899999999999997
151 131 0.171
188 131 0.28
191 131 0.294
138 131 0.179
136 131 0.19699999999999998
210 176 0.33299999999999996
215 176 0.168
212 176 0.23800000000000002
178 176 0.47700000000000004
172 176 0.16899999999999998
141 176 0.175
164 176 0.304
198 176 0.7120000000000001
217 176 0.177
165 176 0.29
166 176 0.161
206 176 0.161
202 176 0.153
179 176 0.317
210 142 0.153
212 142 0.757
172 142 0.235
141 142 0.281
164 142 0.321
175 142 0.16699999999999998
168 142 0.565
200 142 0.183
198 142 0.28600000000000003
174 142 0.163
221 142 0.603
125 142 0.40399999999999997
163 142 0.698
228 142 0.9420000000000001
220 142 0.529
181 142 0.17300000000000001
209 142 0.282
159 142 0.284
206 142 0.259
177 142 0.254
227 142 0.165
223 142 0.18100000000000002
160 142 0.152
211 142 0.374
201 142 0.161
187 142 0.633
132 142 0.15
202 142 0.17
195 142 0.649
156 142 0.188
190 223 0.203
212 223 0.757
164 223 0.23600000000000002
168 223 0.27399999999999997
174 223 0.18100000000000002
139 223 0.19899999999999998
163 223 0.154
228 223 0.228
142 223 0.18100000000000002
220 223 0.21100000000000002
205 223 0.166
140 223 0.166
181 223 0.198
167 223 0.20199999999999999
169 223 0.315
170 223 0.38
209 223 0.408
159 223 0.158
152 223 0.292
158 223 0.455
171 223 0.317
157 223 0.193
180 223 0.45
129 223 0.307
216 223 0.88
160 223 0.28
211 223 0.244
187 223 0.23600000000000002
222 223 0.21
185 223 0.209
202 223 0.153
224 223 0.996
195 223 0.18100000000000002
226 223 0.479
225 223 0.96
194 223 0.221
151 223 0.292
204 223 0.163
188 223 0.317
191 223 0.233
190 202 0.371
215 202 0.301
212 202 0.268
176 202 0.153
172 202 0.38299999999999995
164 202 0.515
149 202 0.249
154 202 0.248
135 202 0.605
168 202 0.342
197 202 0.16
221 202 0.233
125 202 0.159
163 202 0.287
142 202 0.17
217 202 0.392
214 202 0.177
169 202 0.687
170 202 0.628
209 202 0.33299999999999996
133 202 0.157
152 202 0.297
166 202 0.196
158 202 0.451
171 202 0.20600000000000002
157 202 0.344
206 202 0.243
177 202 0.309
227 202 0.335
129 202 0.474
219 202 0.163
148 202 0.192
134 202 0.39799999999999996
128 202 0.27399999999999997
216 202 0.183
223 202 0.153
189 202 0.927
187 202 0.316
132 202 0.221
185 202 0.473
144 202 0.324
143 202 0.268
195 202 0.424
161 202 0.193
130 202 0.244
156 202 0.192
150 202 0.228
137 202 0.271
155 202 0.29600000000000004
151 202 0.324
188 202 0.521
191 202 0.618
147 202 0.171
138 202 0.46
193 202 0.386
136 202 0.35100000000000003
190 215 0.174
176 215 0.168
172 215 0.174
149 215 0.935
154 215 0.86
213 215 0.192
175 215 0.218
135 215 0.242
214 215 0.249
133 215 0.363
152 215 0.907
166 215 0.17800000000000002
158 215 0.478
171 215 0.278
157 215 0.452
180 215 0.266
129 215 0.255
219 215 0.242
148 215 0.74
134 215 0.23800000000000002
192 215 0.7190000000000001
202 215 0.301
161 215 0.182
156 215 0.7340000000000001
150 215 0.765
179 215 0.23800000000000002
194 215 0.16699999999999998
155 215 0.623
151 215 0.83
188 215 0.217
147 215 0.821
138 215 0.217
136 215 0.24100000000000002
190 155 0.193
215 155 0.623
178 155 0.26899999999999996
172 155 0.39399999999999996
149 155 0.742
154 155 0.755
213 155 0.47700000000000004
135 155 0.593
217 155 0.23
214 155 0.445
170 155 0.18
165 155 0.184
133 155 0.597
152 155 0.606
166 155 0.435
158 155 0.275
171 155 0.21
157 155 0.534
180 155 0.18600000000000003
227 155 0.161
219 155 0.27
148 155 0.682
134 155 0.298
128 155 0.22899999999999998
192 155 0.612
202 155 0.29600000000000004
156 155 0.804
150 155 0.691
137 155 0.187
151 155 0.72
188 155 0.375
191 155 0.249
147 155 0.64
138 155 0.294
190 154 0.205
215 154 0.86
178 154 0.158
172 154 0.212
164 154 0.255
149 154 0.987
213 154 0.501
135 154 0.49
217 154 0.32799999999999996
214 154 0.494
165 154 0.303
133 154 0.735
131 154 0.157
152 154 0.929
166 154 0.546
158 154 0.44299999999999995
171 154 0.254
157 154 0.526
180 154 0.298
227 154 0.2
129 154 0.331
219 154 0.33399999999999996
148 154 0.779
134 154 0.327
128 154 0.184
192 154 0.733
185 154 0.156
202 154 0.248
156 154 0.8109999999999999
150 154 0.772
137 154 0.16
179 154 0.2
194 154 0.22899999999999998
155 154 0.755
151 154 0.909
188 154 0.484
191 154 0.32299999999999995
147 154 0.871
138 154 0.222
193 154 0.491
136 154 0.284
190 180 0.406
215 180 0.266
164 180 0.307
149 180 0.578
154 180 0.298
169 180 0.575
170 180 0.831
131 180 0.409
152 180 0.4
158 180 0.40700000000000003
171 180 0.823
157 180 0.282
227 180 0.295
129 180 0.162
219 180 0.183
148 180 0.212
183 180 0.252
223 180 0.45
189 180 0.183
192 180 0.271
186 180 0.184
185 180 0.478
195 180 0.158
156 180 0.325
150 180 0.239
194 180 0.505
155 180 0.18600000000000003
151 180 0.509
188 180 0.46799999999999997
191 180 0.319
147 180 0.565
136 180 0.17300000000000001
190 156 0.305
215 156 0.7340000000000001
172 156 0.166
173 156 0.222
149 156 0.953
154 156 0.8109999999999999
213 156 0.38299999999999995
175 156 0.251
135 156 0.514
142 156 0.188
217 156 0.215
214 156 0.376
170 156 0.282
159 156 0.20600000000000002
165 156 0.248
133 156 0.353
131 156 0.195
152 156 0.759
166 156 0.235
158 156 0.397
171 156 0.322
157 156 0.342
145 156 0.188
180 156 0.325
227 156 0.213
129 156 0.45799999999999996
148 156 0.9259999999999999
134 156 0.37200000000000005
192 156 0.909
185 156 0.19
202 156 0.192
218 156 0.192
161 156 0.2
150 156 0.93
194 156 0.165
155 156 0.804
151 156 0.835
188 156 0.28600000000000003
191 156 0.20800000000000002
147 156 0.915
138 156 0.212
190 147 0.212
215 147 0.821
149 147 0.917
154 147 0.871
213 147 0.16899999999999998
135 147 0.32
217 147 0.158
169 147 0.171
170 147 0.517
165 147 0.21600000000000003
133 147 0.205
152 147 0.805
158 147 0.618
171 147 0.45399999999999996
157 147 0.461
180 147 0.565
227 147 0.247
129 147 0.7390000000000001
148 147 0.91
134 147 0.29
128 147 0.321
146 147 0.156
192 147 0.912
185 147 0.264
202 147 0.171
218 147 0.155
161 147 0.192
156 147 0.915
150 147 0.9159999999999999
194 147 0.23
155 147 0.64
151 147 0.82
188 147 0.257
191 147 0.23600000000000002
190 150 0.23199999999999998
215 150 0.765
164 150 0.18100000000000002
149 150 0.9420000000000001
154 150 0.772
213 150 0.239
135 150 0.424
217 150 0.16
214 150 0.233
170 150 0.242
165 150 0.15
133 150 0.174
131 150 0.335
152 150 0.7240000000000001
158 150 0.34
171 150 0.26
157 150 0.41700000000000004
180 150 0.239
227 150 0.174
129 150 0.301
219 150 0.201
148 150 0.925
134 150 0.33
192 150 0.909
185 150 0.15
202 150 0.228
156 150 0.93
155 150 0.691
151 150 0.7929999999999999
188 150 0.29
191 150 0.23600000000000002
147 150 0.9159999999999999
138 150 0.215
136 150 0.161
190 151 0.198
215 151 0.83
172 151 0.23399999999999999
149 151 0.971
154 151 0.909
213 151 0.41700000000000004
135 151 0.5479999999999999
217 151 0.23
214 151 0.249
169 151 0.42700000000000005
170 151 0.28800000000000003
165 151 0.254
133 151 0.41200000000000003
131 151 0.171
152 151 0.851
166 151 0.19399999999999998
158 151 0.5429999999999999
171 151 0.419
157 151 0.575
206 151 0.162
180 151 0.509
129 151 0.309
219 151 0.249
148 151 0.763
134 151 0.242
128 151 0.179
183 151 0.321
223 151 0.292
192 151 0.727
185 151 0.18100000000000002
202 151 0.324
156 151 0.835
150 151 0.7929999999999999
155 151 0.72
188 151 0.369
191 151 0.223
147 151 0.82
138 151 0.222
136 151 0.312
190 158 0.43700000000000006
215 158 0.478
212 158 0.18
178 158 0.166
172 158 0.258
173 158 0.237
164 158 0.5589999999999999
149 158 0.439
154 158 0.44299999999999995
213 158 0.245
135 158 0.267
168 158 0.223
203 158 0.175
217 158 0.292
214 158 0.251
167 158 0.154
169 158 0.62
170 158 0.757
209 158 0.16
159 158 0.183
133 158 0.185
131 158 0.198
152 158 0.418
166 158 0.26899999999999996
157 158 0.44
206 158 0.256
177 158 0.218
180 158 0.40700000000000003
184 158 0.45299999999999996
227 158 0.591
129 158 0.226
219 158 0.171
148 158 0.292
134 158 0.188
128 158 0.209
183 158 0.159
223 158 0.455
189 158 0.495
192 158 0.297
132 158 0.21
185 158 0.532
202 158 0.451
195 158 0.38799999999999996
161 158 0.175
156 158 0.397
150 158 0.34
137 158 0.192
194 158 0.525
155 158 0.275
151 158 0.5429999999999999
188 158 0.517
191 158 0.435
147 158 0.618
138 158 0.247
193 158 0.158
136 158 0.207
190 171 0.32299999999999995
215 171 0.278
172 171 0.22399999999999998
164 171 0.32899999999999996
149 171 0.29600000000000004
154 171 0.254
135 171 0.171
169 171 0.56
170 171 0.665
152 171 0.335
157 171 0.46
206 171 0.16699999999999998
180 171 0.823
227 171 0.209
129 171 0.18600000000000003
148 171 0.193
134 171 0.171
128 171 0.16399999999999998
183 171 0.32799999999999996
223 171 0.317
192 171 0.304
132 171 0.23199999999999998
185 171 0.29600000000000004
202 171 0.20600000000000002
195 171 0.17300000000000001
161 171 0.16899999999999998
156 171 0.322
150 171 0.26
194 171 0.508
155 171 0.21
151 171 0.419
188 171 0.42
191 171 0.29
147 171 0.45399999999999996
138 171 0.162
136 171 0.19
190 170 0.203
212 170 0.268
172 170 0.23399999999999999
164 170 0.392
149 170 0.244
135 170 0.201
168 170 0.193
125 170 0.185
203 170 0.32799999999999996
169 170 0.88
209 170 0.28600000000000003
159 170 0.168
131 170 0.285
152 170 0.359
158 170 0.757
171 170 0.665
157 170 0.614
206 170 0.171
177 170 0.23199999999999998
180 170 0.831
227 170 0.47
129 170 0.373
128 170 0.536
216 170 0.221
223 170 0.38
160 170 0.8370000000000001
189 170 0.318
192 170 0.249
186 170 0.451
132 170 0.177
185 170 0.34299999999999997
202 170 0.628
224 170 0.18600000000000003
195 170 0.311
161 170 0.564
156 170 0.282
150 170 0.242
137 170 0.19899999999999998
194 170 0.519
155 170 0.18
151 170 0.28800000000000003
188 170 0.28
191 170 0.193
147 170 0.517
193 170 0.255
190 157 0.429
215 157 0.452
172 157 0.455
164 157 0.524
149 157 0.544
154 157 0.526
213 157 0.19399999999999998
135 157 0.429
168 157 0.18600000000000003
208 157 0.158
217 157 0.207
214 157 0.174
169 157 0.5660000000000001
170 157 0.614
165 157 0.204
133 157 0.20600000000000002
131 157 0.263
152 157 0.431
166 157 0.18100000000000002
158 157 0.44
171 157 0.46
206 157 0.159
177 157 0.258
180 157 0.282
227 157 0.752
129 157 0.242
148 157 0.428
134 157 0.221
182 157 0.228
128 157 0.19899999999999998
223 157 0.193
189 157 0.42200000000000004
192 157 0.322
132 157 0.29
185 157 0.41600000000000004
202 157 0.344
195 157 0.287
161 157 0.151
156 157 0.342
150 157 0.41700000000000004
194 157 0.39
155 157 0.534
151 157 0.575
188 157 0.495
191 157 0.43200000000000005
147 157 0.461
138 157 0.278
136 157 0.231
190 135 0.381
215 135 0.242
178 135 0.40700000000000003
172 135 0.295
173 135 0.312
149 135 0.5920000000000001
154 135 0.49
213 135 0.461
168 135 0.902
198 135 0.604
217 135 0.23
214 135 0.261
169 135 0.228
170 135 0.201
165 135 0.188
133 135 0.649
131 135 0.9179999999999999
152 135 0.195
166 135 0.187
158 135 0.267
171 135 0.171
157 135 0.429
206 135 0.183
177 135 0.16699999999999998
184 135 0.17600000000000002
227 135 0.272
129 135 0.815
219 135 0.21
148 135 0.32799999999999996
134 135 0.823
182 135 0.9059999999999999
128 135 0.175
183 135 0.177
189 135 0.5710000000000001
192 135 0.18600000000000003
185 135 0.45799999999999996
202 135 0.605
195 135 0.245
161 135 0.18
156 135 0.514
150 135 0.424
137 135 0.19
194 135 0.24
155 135 0.593
151 135 0.5479999999999999
188 135 0.604
191 135 0.551
147 135 0.32
138 135 0.184
193 135 0.159
136 135 0.812
190 134 0.39299999999999996
215 134 0.23800000000000002
178 134 0.326
173 134 0.252
149 134 0.33799999999999997
154 134 0.327
213 134 0.223
135 134 0.823
214 134 0.151
167 134 0.168
169 134 0.154
133 134 0.414
131 134 0.172
152 134 0.22699999999999998
166 134 0.251
158 134 0.188
171 134 0.171
157 134 0.221
184 134 0.266
148 134 0.242
182 134 0.183
128 134 0.183
183 134 0.324
211 134 0.231
189 134 0.45299999999999996
146 134 0.20199999999999999
192 134 0.297
185 134 0.467
202 134 0.39799999999999996
195 134 0.17800000000000002
156 134 0.37200000000000005
150 134 0.33
194 134 0.402
155 134 0.298
151 134 0.242
188 134 0.573
191 134 0.515
147 134 0.29
136 134 0.866
190 191 0.564
149 191 0.302
154 191 0.32299999999999995
213 191 0.27699999999999997
135 191 0.551
214 191 0.317
169 191 0.152
170 191 0.193
165 191 0.221
133 191 0.47700000000000004
131 191 0.294
152 191 0.19699999999999998
166 191 0.265
158 191 0.435
171 191 0.29
157 191 0.43200000000000005
180 191 0.319
129 191 0.6990000000000001
219 191 0.245
148 191 0.174
134 191 0.515
128 191 0.32899999999999996
223 191 0.233
189 191 0.384
185 191 0.937
202 191 0.618
161 191 0.255
156 191 0.20800000000000002
150 191 0.23600000000000002
155 191 0.249
151 191 0.223
188 191 0.941
147 191 0.23600000000000002
138 191 0.701
136 191 0.527
190 138 0.41200000000000003
215 138 0.217
178 138 0.337
172 138 0.17
173 138 0.188
164 138 0.155
149 138 0.19699999999999998
154 138 0.222
213 138 0.168
135 138 0.184
133 138 0.426
131 138 0.179
152 138 0.252
166 138 0.462
158 138 0.247
171 138 0.162
157 138 0.278
206 138 0.15
129 138 0.325
128 138 0.157
183 138 0.301
189 138 0.49700000000000005
192 138 0.209
185 138 0.498
202 138 0.46
161 138 0.171
156 138 0.212
150 138 0.215
137 138 0.23199999999999998
194 138 0.225
155 138 0.294
151 138 0.222
188 138 0.5760000000000001
191 138 0.701
190 188 0.614
215 188 0.217
172 188 0.217
149 188 0.373
154 188 0.484
213 188 0.344
135 188 0.604
125 188 0.154
217 188 0.172
214 188 0.446
169 188 0.201
170 188 0.28
133 188 0.612
131 188 0.28
152 188 0.32
166 188 0.337
158 188 0.517
171 188 0.42
157 188 0.495
180 188 0.46799999999999997
227 188 0.179
129 188 0.509
219 188 0.349
148 188 0.23
134 188 0.573
128 188 0.226
223 188 0.317
189 188 0.33299999999999996
192 188 0.19
185 188 0.9179999999999999
202 188 0.521
161 188 0.165
156 188 0.28600000000000003
150 188 0.29
194 188 0.162
155 188 0.375
151 188 0.369
191 188 0.941
147 188 0.257
138 188 0.5760000000000001
136 188 0.57
190 189 0.21899999999999997
212 189 0.23800000000000002
172 189 0.25
164 189 0.405
149 189 0.205
135 189 0.5710000000000001
168 189 0.28600000000000003
163 189 0.18
217 189 0.61
169 189 0.35700000000000004
170 189 0.318
209 189 0.551
152 189 0.157
158 189 0.495
157 189 0.42200000000000004
206 189 0.205
177 189 0.20199999999999999
180 189 0.183
227 189 0.37
129 189 0.39899999999999997
219 189 0.225
134 189 0.45299999999999996
128 189 0.16699999999999998
132 189 0.19399999999999998
185 189 0.405
202 189 0.927
218 189 0.16699999999999998
195 189 0.503
137 189 0.161
204 189 0.38299999999999995
188 189 0.33299999999999996
191 189 0.384
138 189 0.49700000000000005
136 189 0.408
190 128 0.223
172 128 0.171
141 128 0.455
164 128 0.28800000000000003
149 128 0.237
154 128 0.184
135 128 0.175
181 128 0.303
169 128 0.435
170 128 0.536
152 128 0.19899999999999998
166 128 0.17600000000000002
158 128 0.209
171 128 0.16399999999999998
157 128 0.19899999999999998
177 128 0.157
184 128 0.16
227 128 0.32299999999999995
129 128 0.192
134 128 0.183
182 128 0.168
183 128 0.157
216 128 0.662
189 128 0.16699999999999998
146 128 0.19699999999999998
192 128 0.23
132 128 0.239
185 128 0.16699999999999998
202 128 0.27399999999999997
218 128 0.17
195 128 0.153
161 128 0.29600000000000004
137 128 0.84
194 128 0.665
155 128 0.22899999999999998
151 128 0.179
188 128 0.226
191 128 0.32899999999999996
147 128 0.321
138 128 0.157
193 128 0.40299999999999997
136 128 0.187
190 161 0.245
215 161 0.182
212 161 0.184
172 161 0.156
141 161 0.318
164 161 0.196
135 161 0.18
168 161 0.156
169 161 0.382
170 161 0.564
152 161 0.174
158 161 0.175
171 161 0.16899999999999998
157 161 0.151
177 161 0.16699999999999998
227 161 0.364
129 161 0.222
128 161 0.29600000000000004
183 161 0.17800000000000002
216 161 0.508
146 161 0.168
132 161 0.231
185 161 0.222
202 161 0.193
156 161 0.2
137 161 0.195
194 161 0.838
188 161 0.165
191 161 0.255
147 161 0.192
138 161 0.171
193 161 0.187
190 136 0.46799999999999997
215 136 0.24100000000000002
178 136 0.317
173 136 0.168
149 136 0.17600000000000002
154 136 0.284
213 136 0.271
135 136 0.812
133 136 0.4
131 136 0.19699999999999998
152 136 0.159
158 136 0.207
171 136 0.19
157 136 0.231
180 136 0.17300000000000001
148 136 0.237
134 136 0.866
182 136 0.161
128 136 0.187
189 136 0.408
192 136 0.19699999999999998
185 136 0.461
202 136 0.35100000000000003
150 136 0.161
194 136 0.313
151 136 0.312
188 136 0.57
191 136 0.527
190 185 0.833
172 185 0.264
149 185 0.19699999999999998
154 185 0.156
135 185 0.45799999999999996
170 185 0.34299999999999997
131 185 0.201
158 185 0.532
171 185 0.29600000000000004
157 185 0.41600000000000004
180 185 0.478
227 185 0.19
129 185 0.546
134 185 0.467
128 185 0.16699999999999998
223 185 0.209
189 185 0.405
186 185 0.187
202 185 0.473
218 185 0.155
195 185 0.15
161 185 0.222
156 185 0.19
150 185 0.15
194 185 0.214
151 185 0.18100000000000002
188 185 0.9179999999999999
191 185 0.937
147 185 0.264
138 185 0.498
136 185 0.461
215 175 0.218
212 175 0.25
173 175 0.196
164 175 0.9259999999999999
168 175 0.47200000000000003
199 175 0.294
208 175 0.214
200 175 0.6859999999999999
198 175 0.919
174 175 0.555
139 175 0.34299999999999997
221 175 0.919
125 175 0.179
163 175 0.856
142 175 0.16699999999999998
203 175 0.237
227 175 0.174
211 175 0.606
201 175 0.606
195 175 0.604
156 175 0.251
215 148 0.74
172 148 0.161
149 148 0.9329999999999999
154 148 0.779
213 148 0.209
135 148 0.32799999999999996
217 148 0.192
214 148 0.382
165 148 0.22399999999999998
133 148 0.423
131 148 0.271
152 148 0.7659999999999999
166 148 0.19399999999999998
158 148 0.292
171 148 0.193
157 148 0.428
145 148 0.151
180 148 0.212
134 148 0.242
192 148 0.937
202 148 0.192
195 148 0.161
156 148 0.9259999999999999
150 148 0.925
155 148 0.682
151 148 0.763
188 148 0.23
191 148 0.174
147 148 0.91
136 148 0.237
215 192 0.7190000000000001
149 192 0.925
154 192 0.733
213 192 0.256
135 192 0.18600000000000003
217 192 0.156
214 192 0.151
140 192 0.17800000000000002
170 192 0.249
133 192 0.359
131 192 0.335
152 192 0.725
166 192 0.17300000000000001
158 192 0.297
171 192 0.304
157 192 0.322
180 192 0.271
219 192 0.22
148 192 0.937
134 192 0.297
128 192 0.23
195 192 0.185
156 192 0.909
150 192 0.909
155 192 0.612
151 192 0.727
188 192 0.19
147 192 0.912
138 192 0.209
136 192 0.19699999999999998
215 172 0.174
212 172 0.46299999999999997
178 172 0.154
176 172 0.16899999999999998
173 172 0.28600000000000003
141 172 0.162
164 172 0.43200000000000005
149 172 0.172
154 172 0.212
213 172 0.235
135 172 0.295
168 172 0.282
198 172 0.153
221 172 0.309
163 172 0.33799999999999997
142 172 0.235
217 172 0.193
214 172 0.165
167 172 0.174
169 172 0.423
170 172 0.23399999999999999
209 172 0.161
133 172 0.23399999999999999
131 172 0.207
166 172 0.204
158 172 0.258
171 172 0.22399999999999998
157 172 0.455
145 172 0.295
206 172 0.85
177 172 0.44799999999999995
184 172 0.159
227 172 0.282
148 172 0.161
182 172 0.158
128 172 0.171
183 172 0.203
201 172 0.474
189 172 0.25
187 172 0.253
146 172 0.196
132 172 0.187
185 172 0.264
202 172 0.38299999999999995
218 172 0.52
195 172 0.32299999999999995
161 172 0.156
156 172 0.166
179 172 0.201
155 172 0.39399999999999996
151 172 0.23399999999999999
188 172 0.217
138 172 0.17
215 152 0.907
164 152 0.17300000000000001
149 152 0.991
154 152 0.929
213 152 0.295
135 152 0.195
214 152 0.33299999999999996
169 152 0.175
170 152 0.359
165 152 0.24
133 152 0.603
166 152 0.46399999999999997
158 152 0.418
171 152 0.335
157 152 0.431
206 152 0.201
180 152 0.4
227 152 0.165
129 152 0.285
219 152 0.45299999999999996
148 152 0.7659999999999999
134 152 0.22699999999999998
128 152 0.19899999999999998
223 152 0.292
189 152 0.157
192 152 0.725
202 152 0.297
195 152 0.183
161 152 0.174
156 152 0.759
150 152 0.7240000000000001
155 152 0.606
151 152 0.851
188 152 0.32
191 152 0.19699999999999998
147 152 0.805
138 152 0.252
136 152 0.159
215 149 0.935
172 149 0.172
164 149 0.214
154 149 0.987
213 149 0.519
135 149 0.5920000000000001
217 149 0.25
214 149 0.475
169 149 0.17600000000000002
170 149 0.244
165 149 0.27
133 149 0.679
131 149 0.322
152 149 0.991
166 149 0.49700000000000005
158 149 0.439
171 149 0.29600000000000004
157 149 0.544
145 149 0.177
180 149 0.578
227 149 0.215
129 149 0.423
219 149 0.392
148 149 0.9329999999999999
134 149 0.33799999999999997
128 149 0.237
189 149 0.205
192 149 0.925
185 149 0.19699999999999998
202 149 0.249
218 149 0.203
195 149 0.187
156 149 0.953
150 149 0.9420000000000001
179 149 0.16399999999999998
194 149 0.19699999999999998
155 149 0.742
151 149 0.971
188 149 0.373
191 149 0.302
147 149 0.917
138 149 0.19699999999999998
136 149 0.17600000000000002
215 190 0.174
154 190 0.205
135 190 0.381
170 190 0.203
165 190 0.17600000000000002
133 190 0.306
131 190 0.289
158 190 0.43700000000000006
171 190 0.32299999999999995
157 190 0.429
180 190 0.406
129 190 0.423
134 190 0.39299999999999996
128 190 0.223
223 190 0.203
189 190 0.21899999999999997
185 190 0.833
202 190 0.371
218 190 0.21600000000000003
161 190 0.245
156 190 0.305
150 190 0.23199999999999998
179 190 0.249
155 190 0.193
151 190 0.198
188 190 0.614
191 190 0.564
147 190 0.212
138 190 0.41200000000000003
136 190 0.46799999999999997
215 194 0.16699999999999998
149 194 0.19699999999999998
154 194 0.22899999999999998
135 194 0.24
169 194 0.42200000000000004
170 194 0.519
131 194 0.39899999999999997
158 194 0.525
171 194 0.508
157 194 0.39
180 194 0.505
227 194 0.292
129 194 0.23199999999999998
134 194 0.402
128 194 0.665
223 194 0.221
146 194 0.218
186 194 0.155
132 194 0.295
185 194 0.214
218 194 0.27899999999999997
161 194 0.838
156 194 0.165
137 194 0.441
188 194 0.162
147 194 0.23
138 194 0.225
193 194 0.34700000000000003
136 194 0.313
212 198 0.344
176 198 0.7120000000000001
172 198 0.153
173 198 0.29100000000000004
164 198 0.312
175 198 0.919
135 198 0.604
168 198 0.39799999999999996
199 198 0.268
208 198 0.268
200 198 0.77
174 198 0.483
139 198 0.297
221 198 0.297
163 198 0.43700000000000006
228 198 0.17
142 198 0.28600000000000003
203 198 0.237
145 198 0.165
206 198 0.205
177 198 0.203
227 198 0.233
129 198 0.613
211 198 0.168
187 198 0.27699999999999997
195 198 0.45899999999999996
212 216 0.502
168 216 0.245
199 216 0.172
174 216 0.304
139 216 0.485
197 216 0.156
221 216 0.261
203 216 0.18600000000000003
169 216 0.154
170 216 0.221
209 216 0.177
159 216 0.304
206 216 0.154
128 216 0.662
223 216 0.88
160 216 0.155
202 216 0.183
144 216 0.162
224 216 0.977
195 216 0.40299999999999997
161 216 0.508
226 216 0.462
225 216 0.703
137 216 0.165
212 174 0.261
173 174 0.16399999999999998
164 174 0.682
175 174 0.555
168 174 0.583
199 174 0.187
208 174 0.196
198 174 0.483
139 174 0.9279999999999999
221 174 0.32299999999999995
125 174 0.15
163 174 0.285
142 174 0.163
203 174 0.6729999999999999
167 174 0.159
209 174 0.285
206 174 0.19
216 174 0.304
223 174 0.18100000000000002
222 174 0.183
207 174 0.5770000000000001
224 174 0.242
195 174 0.711
225 174 0.322
137 174 0.27
212 168 0.958
172 168 0.282
173 168 0.37200000000000005
141 168 0.242
164 168 0.998
175 168 0.47200000000000003
135 168 0.902
199 168 0.161
208 168 0.28600000000000003
200 168 0.345
198 168 0.39799999999999996
174 168 0.583
197 168 0.209
221 168 0.9690000000000001
125 168 0.502
163 168 0.716
228 168 0.36700000000000005
142 168 0.565
220 168 0.41200000000000003
203 168 0.867
217 168 0.261
140 168 0.168
181 168 0.16399999999999998
167 168 0.155
169 168 0.24100000000000002
170 168 0.193
209 168 0.439
159 168 0.32299999999999995
131 168 0.177
158 168 0.223
157 168 0.18600000000000003
145 168 0.151
206 168 0.28600000000000003
177 168 0.278
184 168 0.158
227 168 0.392
182 168 0.183
183 168 0.204
216 168 0.245
223 168 0.27399999999999997
189 168 0.28600000000000003
187 168 0.45799999999999996
222 168 0.243
202 168 0.342
207 168 0.21100000000000002
144 168 0.467
195 168 0.98
161 168 0.156
212 203 0.3
164 203 0.762
175 203 0.237
168 203 0.867
198 203 0.237
174 203 0.6729999999999999
139 203 0.272
197 203 0.204
221 203 0.28600000000000003
163 203 0.264
220 203 0.156
169 203 0.325
170 203 0.32799999999999996
209 203 0.254
159 203 0.174
158 203 0.175
227 203 0.218
216 203 0.18600000000000003
195 203 0.648
212 224 0.364
174 224 0.242
205 224 0.23199999999999998
170 224 0.18600000000000003
216 224 0.977
223 224 0.996
160 224 0.254
187 224 0.151
195 224 0.20800000000000002
226 224 0.457
225 224 0.992
204 224 0.23199999999999998
212 164 0.948
178 164 0.23199999999999998
176 164 0.304
172 164 0.43200000000000005
173 164 0.47100000000000003
141 164 0.155
149 164 0.214
154 164 0.255
213 164 0.152
175 164 0.9259999999999999
168 164 0.998
208 164 0.9129999999999999
200 164 0.261
198 164 0.312
174 164 0.682
197 164 0.20199999999999999
221 164 0.504
125 164 0.171
163 164 0.58
228 164 0.166
142 164 0.321
220 164 0.165
203 164 0.762
217 164 0.434
167 164 0.155
169 164 0.309
170 164 0.392
209 164 0.47700000000000004
159 164 0.235
165 164 0.195
131 164 0.195
152 164 0.17300000000000001
166 164 0.161
158 164 0.5589999999999999
171 164 0.32899999999999996
157 164 0.524
206 164 0.44
177 164 0.435
180 164 0.307
184 164 0.266
227 164 0.605
219 164 0.218
182 164 0.35200000000000004
128 164 0.28800000000000003
183 164 0.38
223 164 0.23600000000000002
189 164 0.405
187 164 0.218
146 164 0.26
222 164 0.15
186 164 0.275
132 164 0.165
202 164 0.515
207 164 0.34
218 164 0.217
195 164 0.7170000000000001
161 164 0.196
130 164 0.285
150 164 0.18100000000000002
179 164 0.18
138 164 0.155
193 164 0.166
212 126 0.215
173 126 0.188
125 126 0.184
214 126 0.20800000000000002
140 126 0.517
166 126 0.579
145 126 0.77
227 126 0.165
146 126 0.764
144 126 0.166
127 126 0.996
218 126 0.222
195 126 0.223
212 227 0.325
172 227 0.282
173 227 0.16
141 227 0.321
164 227 0.605
149 227 0.215
154 227 0.2
175 227 0.174
135 227 0.272
168 227 0.392
198 227 0.233
221 227 0.506
163 227 0.39399999999999996
142 227 0.165
220 227 0.16399999999999998
203 227 0.218
217 227 0.2
140 227 0.235
181 227 0.6809999999999999
167 227 0.35200000000000004
169 227 0.266
170 227 0.47
159 227 0.284
126 227 0.165
133 227 0.35700000000000004
152 227 0.165
166 227 0.23199999999999998
158 227 0.591
171 227 0.209
157 227 0.752
206 227 0.337
177 227 0.228
180 227 0.295
184 227 0.602
129 227 0.17300000000000001
182 227 0.32299999999999995
128 227 0.32299999999999995
183 227 0.297
189 227 0.37
187 227 0.315
146 227 0.23399999999999999
186 227 0.195
132 227 0.293
185 227 0.19
202 227 0.335
218 227 0.165
195 227 0.535
161 227 0.364
130 227 0.191
156 227 0.213
150 227 0.174
137 227 0.655
194 227 0.292
155 227 0.161
188 227 0.179
147 227 0.247
193 227 0.325
212 182 0.159
172 182 0.158
164 182 0.35200000000000004
135 182 0.9059999999999999
168 182 0.183
221 182 0.203
163 182 0.193
131 182 0.903
157 182 0.228
184 182 0.28600000000000003
227 182 0.32299999999999995
129 182 0.242
134 182 0.183
128 182 0.168
183 182 0.384
146 182 0.175
132 182 0.188
218 182 0.24
195 182 0.302
136 182 0.161
212 183 0.245
172 183 0.203
173 183 0.177
164 183 0.38
135 183 0.177
168 183 0.204
221 183 0.235
125 183 0.19699999999999998
163 183 0.276
158 183 0.159
171 183 0.32799999999999996
206 183 0.155
180 183 0.252
184 183 0.266
227 183 0.297
129 183 0.217
134 183 0.324
182 183 0.384
128 183 0.157
187 183 0.223
146 183 0.22899999999999998
218 183 0.233
195 183 0.392
161 183 0.17800000000000002
151 183 0.321
138 183 0.301
212 209 0.523
172 209 0.161
173 209 0.257
164 209 0.47700000000000004
168 209 0.439
208 209 0.87
174 209 0.285
197 209 0.207
221 209 0.23199999999999998
125 209 0.23
163 209 0.655
228 209 0.444
142 209 0.282
220 209 0.165
205 209 0.187
203 209 0.254
217 209 0.348
214 209 0.22899999999999998
140 209 0.193
181 209 0.228
